chr10	-	27060003	27060018	27059173	27059274	27065993	27066170
chr2	-	178196869	178196979	178187812	178188124	178199120	178199257
chr5	+	78944884	78945013	78952780	78952824	78944439	78944516
chr12	-	6781515	6781698	6779925	6780004	6782381	6782606
chr2	+	74170298	74170402	74173845	74174033	74166036	74166149
chr2	+	74184251	74184367	74185272	74185372	74173845	74174033
chr2	+	74177711	74177859	74185272	74185372	74173845	74174033
chr2	+	74177711	74177859	74184251	74184367	74173845	74174033
chr2	+	74184251	74184367	74185272	74185372	74177711	74177859
chr3	-	196888510	196888609	196876613	196876667	196921295	196921460
chr4	-	178357429	178357505	178355535	178355643	178358558	178358673
chr2	+	207025610	207025856	207026069	207026196	207025311	207025434
chr8	-	144668388	144668460	144663223	144663498	144668898	144669022
chr8	-	144665331	144665446	144663223	144663498	144668388	144668460
chr11	-	31491286	31491344	31484718	31484852	31495270	31495333
chr11	-	31482172	31482261	31477806	31477933	31484718	31484852
chr12	-	31862226	31862359	31854796	31854941	31867815	31867885
chr16	-	27252673	27253210	27246498	27246620	27268755	27268902
chr4	-	99816332	99816419	99812387	99812483	99823026	99823133
chr11	-	10828366	10828432	10827453	10827594	10828801	10828928
chr11	-	10823207	10823321	10822508	10822634	10823595	10823756
chr13	-	41587213	41587330	41556118	41556418	41593363	41593568
chr13	-	41535578	41535697	41532971	41533152	41556118	41556418
chr1	-	95507048	95507168	95492684	95492816	95530421	95530573
chr1	-	33486967	33487062	33480122	33480195	33487193	33487304
chr13	-	47364731	47364796	47361155	47361244	47365480	47365555
chr13	-	47359783	47359854	47358386	47358485	47361155	47361244
chr22	+	29670253	29670271	29674018	29674205	29669726	29669853
chr12	+	112237709	112237867	112241662	112241777	112235881	112236046
chr17	+	65882243	65882432	65887959	65888150	65870932	65871136
chr10	-	31146608	31146707	31137459	31139296	31165926	31165994
chr10	+	32759991	32760158	32761408	32761470	32751944	32751977
chr10	-	64979637	64979743	64976966	64977091	65024410	65024524
chr10	-	18870609	18870750	18840751	18840900	18874877	18875022
chr11	+	43905532	43905567	43908155	43908203	43904634	43904738
chr11	+	43913590	43913679	43923065	43923275	43911274	43911378
chr11	+	43923065	43923275	43940587	43940686	43911274	43911378
chr13	-	21311861	21311944	21305979	21306260	21331593	21331756
chr6	-	116981395	116981532	116979965	116980087	116981898	116982009
chr6	-	34215243	34215269	34214820	34214926	34215457	34215641
chr7	-	12428433	12428583	12423161	12423227	12428752	12428984
chr7	-	12393440	12394113	12391198	12391339	12395736	12395956
chr8	+	11687752	11687929	11689026	11689179	11683508	11683724
chr1	+	155280126	155280244	155282045	155282195	155279833	155279996
chr5	+	108118363	108118456	108133824	108134090	108103793	108103939
chr12	+	54740395	54740458	54741550	54741628	54739243	54739299
chr1	-	28536482	28536577	28534852	28534924	28537081	28537148
chr8	-	144902835	144902886	144900542	144900704	144903766	144903856
chr10	-	119793492	119793552	119774575	119774621	119798482	119798951
chr4	-	83801814	83801864	83799882	83800081	83801951	83802075
chr4	-	83782783	83782861	83778841	83778917	83783686	83783725
chr1	-	204240375	204240502	204237335	204237440	204242753	204242868
chr1	+	161748459	161748485	161751701	161751789	161748033	161748110
chr10	+	27820457	27820544	27821435	27821508	27815756	27815818
chr16	+	89975373	89975515	89976998	89977071	89972861	89973730
chr4	+	41605891	41605922	41607910	41608021	41600936	41601043
chr12	+	27453486	27453534	27455069	27455188	27450642	27450787
chr16	+	15095632	15095744	15098043	15098190	15092196	15092262
chr9	-	102788487	102788641	102784323	102784508	102814698	102814814
chr13	-	77846457	77846534	77844430	77844673	77847606	77847803
chr9	+	7105401	7105500	7128065	7128236	7103684	7103870
chr12	+	1221380	1221473	1225031	1225199	1219357	1219513
chr12	+	1313666	1313678	1345934	1346070	1299024	1299218
chr7	-	134133748	134133871	134133138	134133245	134134471	134134549
chr1	-	151413403	151413562	151403141	151403317	151414556	151414681
chr4	+	52775085	52775172	52777235	52777340	52765435	52765544
chr4	+	52777235	52777340	52779455	52779558	52765435	52765544
chr4	+	99978903	99978969	99982304	99983964	99969883	99970027
chr18	+	9195548	9195696	9208654	9208801	9182379	9182517
chr18	+	9204473	9204542	9208654	9208801	9195548	9195696
chr18	+	9239474	9239554	9254208	9258929	9221849	9221997
chr14	+	31113085	31113224	31118733	31118789	31112521	31112611
chr5	+	102518934	102519108	102520372	102520445	102515721	102515889
chr5	+	102522020	102522140	102526542	102526683	102520372	102520445
chr2	+	63085540	63085645	63086303	63086426	63058153	63058293
chr2	+	63215065	63215173	63217850	63217975	63206322	63206470
chr15	-	51751794	51751857	51750905	51750992	51755575	51755693
chr18	+	56002709	56002769	56008269	56008401	56001049	56001124
chr12	+	56536068	56536209	56536361	56536516	56532710	56532797
chr14	-	77270717	77270758	77270128	77270255	77272758	77273192
chr2	-	20511254	20511424	20508074	20508345	20511996	20512184
chr22	+	24707981	24708099	24709280	24709434	24698162	24698352
chr12	+	77202822	77202900	77203492	77203637	77199096	77199219
chr12	+	77214837	77214947	77216185	77216311	77209636	77209799
chr14	-	95557539	95557702	95557370	95557446	95560224	95560493
chr17	-	67247887	67248007	67246612	67246762	67249713	67249808
chr15	-	85223943	85224063	85213955	85214013	85230855	85231005
chr13	-	95243106	95243197	95235347	95235490	95244494	95244563
chr13	-	95233814	95233887	95233344	95233443	95235347	95235490
chr8	+	48206455	48206619	48308935	48309186	48203621	48203726
chr8	+	48308935	48309186	48320422	48320523	48206455	48206619
chr8	+	48395896	48395931	48508372	48508568	48352884	48353104
chr2	+	136374237	136374327	136379063	136379178	136362375	136362586
chr2	+	136399105	136399360	136402948	136403097	136396465	136396692
chr22	+	24437586	24437721	24439365	24439546	24434795	24434909
chr22	+	24447286	24447436	24451335	24451622	24445552	24445682
chr5	-	40741965	40742084	40730363	40730445	40746899	40747121
chr18	-	59829485	59829562	59828365	59828618	59830763	59830889
chr15	+	43482252	43482349	43482522	43482596	43481396	43481478
chr1	+	25679372	25679465	25683283	25683344	25678116	25678184
chr6	+	88304244	88304331	88311501	88311599	88304070	88304125
chr6	+	88311501	88311599	88313101	88313256	88304244	88304331
chr6	+	88326031	88326145	88331071	88331205	88321806	88321966
chr5	-	80932375	80932437	80911291	80911376	80946085	80946158
chr5	-	80809446	80809536	80785068	80785128	80911291	80911376
chr5	-	80785068	80785128	80770314	80770381	80809446	80809536
chr9	+	125732374	125732470	125746763	125747048	125719289	125719488
chr11	-	6499808	6499882	6499270	6499428	6499967	6500189
chr11	-	115069125	115069158	115049363	115049495	115080293	115080377
chr11	-	47657096	47657123	47656223	47656286	47660250	47660357
chr11	-	47653205	47653263	47652587	47652639	47656223	47656286
chr11	-	47647225	47647293	47644252	47644328	47648631	47648679
chr10	+	45939563	45939734	45940955	45941568	45939175	45939276
chr6	-	143825049	143825389	143823068	143823259	143828373	143828561
chr7	-	92826685	92826710	92826553	92826591	92826797	92826923
chr3	+	40550146	40550265	40552960	40553087	40547794	40547867
chr1	+	210139237	210139358	210186977	210187142	210126053	210126101
chr1	+	210126399	210126604	210186977	210187142	210126053	210126101
chr2	+	37585963	37586031	37586722	37587001	37579931	37580078
chr6	+	74190015	74190090	74190397	74190528	74189454	74189849
chr6	+	74190719	74190839	74191762	74191967	74190397	74190528
chr15	+	49527821	49527936	49528047	49528138	49509369	49509510
chr15	+	49611168	49611313	49611800	49612002	49584523	49584734
chr15	+	49610307	49610389	49611800	49612002	49584523	49584734
chr3	+	137928658	137928735	137940767	137940839	137907242	137907372
chr3	+	137947759	137947852	137953875	137953956	137942477	137942575
chr1	-	247015206	247015340	247012916	247014744	247016392	247016601
chr10	+	103364896	103364969	103368591	103368694	103360926	103361093
chr1	-	154186368	154186422	154184933	154185100	154186932	154187050
chr7	-	124510964	124511095	124503403	124503694	124532319	124532434
chr1	-	212955713	212955768	212912875	212912943	212957704	212957835
chr1	-	212939530	212939615	212912875	212912943	212955713	212955768
chr8	-	95547066	95547235	95543190	95543313	95549330	95549379
chr8	-	95503805	95504137	95502166	95502310	95504879	95505046
chr2	+	99232669	99232809	99232894	99232996	99227237	99227358
chr12	+	8244364	8244446	8245271	8245380	8242531	8242895
chr11	+	114315262	114315374	114316700	114316809	114314577	114314655
chr1	-	78107068	78107131	78105133	78105287	78107206	78107340
chr1	-	78105133	78105287	78097519	78099090	78107068	78107131
chr2	+	201303844	201304051	201305371	201305507	201283972	201284219
chr6	+	76350399	76350420	76357446	76357517	76344422	76344527
chr6	+	76412360	76412788	76419242	76419346	76407140	76407233
chr3	-	15633106	15633187	15631046	15631119	15637890	15637931
chr3	-	15631046	15631119	15628031	15628109	15633106	15633187
chr3	-	15626754	15626849	15624383	15624496	15628031	15628109
chr3	-	114623173	114623215	114619150	114619189	114693212	114693263
chr3	-	114677569	114677690	114619150	114619189	114693212	114693263
chr3	-	114592885	114592955	114519947	114520021	114619150	114619189
chr3	-	114429114	114429160	114412374	114412422	114519947	114520021
chr3	-	114318097	114318193	114219198	114219238	114412374	114412422
chr4	-	15643146	15643250	15642410	15642506	15646115	15646331
chr11	-	33784751	33784832	33780032	33780147	33790396	33790560
chr2	-	191125125	191125237	191116887	191117033	191125881	191125960
chr22	-	43206818	43206950	43204772	43204896	43213147	43213270
chr11	-	18021040	18021119	18017342	18017456	18022043	18022104
chr16	-	29884025	29884064	29883729	29883847	29884560	29884752
chr17	+	80430439	80430574	80436675	80436794	80426639	80426772
chr17	+	80436446	80436543	80436675	80436794	80430439	80430574
chr6	-	74348134	74348222	74346343	74346430	74351413	74351647
chr14	-	58890725	58890813	58878624	58878689	58893771	58893960
chr14	-	58878624	58878689	58877560	58877656	58890725	58890813
chr9	+	77741392	77741421	77742484	77742535	77732419	77732466
chr10	-	5836843	5836982	5827810	5828013	5838725	5838825
chr2	-	242797	242871	234159	234272	247537	247602
chr2	-	243502	243562	234159	234272	247537	247602
chr2	-	233100	233229	230546	231191	234159	234272
chr11	-	89949631	89949721	89948341	89948398	89951302	89951352
chr11	-	89939915	89939978	89939369	89939440	89943703	89943762
chr7	-	102967778	102967825	102966989	102967131	102968102	102968201
chr3	+	130698092	130698263	130699425	130699523	130694175	130694332
chr8	-	74621266	74621412	74600888	74601048	74650518	74650637
chr4	-	106377404	106377448	106374742	106374799	106377837	106377902
chr4	-	106345352	106345479	106320193	106320321	106367539	106367659
chr4	-	106359106	106359193	106345352	106345479	106367539	106367659
chr4	-	106355183	106355318	106345352	106345479	106359106	106359193
chr5	-	132233921	132234084	132232014	132232932	132234795	132234833
chr3	-	33106954	33107049	33094969	33095041	33109721	33109782
chr4	+	153791904	153792000	153793603	153793716	153784757	153784866
chr1	+	145648015	145648067	145650482	145650540	145646114	145646173
chr2	-	69650713	69650849	69646669	69646736	69659033	69659137
chr2	+	54035435	54035597	54036350	54036410	54028849	54028979
chr2	+	54041679	54041757	54041996	54042072	54040085	54040210
chr2	-	150441252	150441385	150438640	150438785	150443602	150443663
chr2	-	150428743	150428845	150427594	150427685	150432224	150432355
chr10	+	112636427	112636511	112640990	112641293	112635723	112635828
chr7	+	65595730	65595829	65599266	65599361	65592690	65592727
chrX	+	55028683	55028864	55029394	55029541	55027978	55028062
chrX	-	135960073	135960245	135958661	135958814	135961175	135961612
chr2	+	71588774	71588825	71590282	71590321	71582848	71582910
chr7	-	82464982	82465009	82457188	82457282	82467533	82467658
chr9	-	131035063	131035144	131030698	131030803	131036128	131036251
chr9	-	131029472	131029553	131028565	131028604	131029736	131029796
chr3	+	37315026	37315092	37323448	37323763	37292885	37292975
chr3	+	37340778	37340862	37343675	37343823	37340323	37340511
chr3	+	37378633	37378654	37379156	37379225	37376543	37376657
chr3	-	121438492	121438615	121437234	121437348	121441108	121441225
chr10	-	101163480	101163631	101163225	101163391	101165512	101165617
chr12	+	50501349	50501583	50501806	50501913	50500587	50500700
chr14	+	35546355	35546422	35548132	35548230	35522483	35522657
chr20	+	29625872	29625984	29628226	29628331	29623128	29623254
chr2	-	201886781	201886837	201881713	201881893	201887553	201887655
chr3	+	56593596	56593622	56597711	56598153	56592873	56592938
chr4	+	124845251	124845355	124846338	124846492	124750249	124750342
chr5	+	41908410	41908496	41909847	41909994	41907837	41907944
chr6	+	109466421	109466584	109467960	109468140	109461623	109461878
chr8	-	93929156	93929238	93904216	93904302	93966633	93966792
chr4	+	158282161	158282276	158282689	158282804	158281047	158281295
chr11	+	93490481	93490631	93492907	93493024	93488375	93488552
chr11	+	77566390	77566528	77580767	77580863	77553524	77553674
chr12	+	93864261	93864366	93870729	93870793	93862964	93863131
chr12	+	110598966	110599088	110600723	110600870	110584757	110584853
chr8	-	121444269	121444363	121437545	121437606	121455424	121455548
chr13	-	48657506	48657564	48655780	48655867	48660417	48660588
chr2	-	170677601	170677783	170676070	170676153	170678452	170678567
chr3	+	112713981	112714112	112715738	112715838	112711872	112711971
chr19	+	17382405	17382464	17384712	17384833	17379564	17379900
chr5	+	154330380	154330498	154335930	154335996	154320776	154320825
chr21	-	30252191	30252275	30250513	30250655	30254481	30254572
chr15	+	51980456	51980599	51981415	51981565	51975415	51975631
chr16	-	50360194	50360302	50359658	50359794	50362579	50362655
chr16	-	50357497	50357609	50355892	50355949	50359658	50359794
chr3	-	119585436	119585475	119582265	119582452	119595259	119595355
chr6	-	52852154	52852206	52850248	52850381	52858954	52859199
chr14	-	81676213	81676280	81670243	81670448	81682756	81682858
chr15	-	59942867	59942972	59934334	59934461	59944404	59944525
chr13	+	28006867	28006941	28008275	28008356	28004669	28004758
chr15	+	52059267	52059349	52060458	52060615	52058569	52058764
chr2	-	175047144	175047252	175006552	175006728	175087760	175087888
chr13	-	37569125	37569172	37567740	37567809	37569561	37569733
chr13	-	37559763	37559877	37546113	37546173	37563620	37563713
chr13	-	37539711	37539863	37526650	37526736	37546113	37546173
chr13	-	37541808	37541944	37539711	37539863	37546113	37546173
chr7	-	23552512	23552701	23547038	23547154	23555981	23556147
chr1	-	169159880	169159943	169138684	169138792	169199955	169200057
chr10	-	52610424	52610567	52603747	52603882	52619601	52619745
chr2	-	160310123	160310312	160304752	160304920	160335085	160335232
chr2	-	160284451	160284553	160268845	160269056	160284821	160284930
chr15	-	60674540	60674640	60656627	60656722	60678226	60678285
chr2	+	26483848	26483931	26486247	26486347	26477280	26477342
chr2	+	26502002	26502183	26502861	26502983	26499940	26500028
chr15	-	72640026	72640099	72638867	72639051	72640388	72640475
chr9	-	35101422	35101557	35101131	35101276	35101706	35101808
chr10	-	75155801	75155867	75148069	75148172	75156276	75156341
chr1	-	24137225	24137289	24134624	24134813	24143164	24143260
chr5	+	74650880	74651039	74651189	74651347	74650327	74650522
chr5	+	74655222	74655381	74655809	74655964	74654994	74655135
chr14	-	21704531	21704619	21702107	21702388	21731469	21731988
chr14	-	21730759	21730927	21702107	21702388	21731469	21731988
chr5	+	118807330	118807395	118809602	118809710	118792009	118792063
chrX	+	123019480	123020389	123022468	123022568	122994016	122994143
chr11	+	129993506	129993674	129996594	129996725	129992199	129992408
chr11	+	130005457	130005610	130010292	130010378	130003523	130003623
chr7	-	48010856	48011113	48008815	48008915	48015209	48015284
chr9	-	95002924	95002973	94991282	94991408	95003137	95003243
chr13	+	99931578	99931637	99966350	99966474	99896768	99896878
chr7	-	8263117	8263189	8260904	8261028	8268230	8268303
chr7	-	8267267	8267481	8260904	8261028	8268230	8268303
chr1	-	33098862	33098955	33093108	33093145	33099245	33099328
chr1	-	33097427	33097480	33093108	33093145	33099245	33099328
chr1	+	76198735	76198834	76199212	76199313	76198522	76198607
chr1	+	76199212	76199313	76200475	76200556	76198522	76198607
chr1	+	76211490	76211599	76215103	76215244	76205664	76205795
chrX	-	148573068	148573198	148571844	148571971	148577876	148578047
chr4	-	110679091	110679115	110678918	110678939	110681425	110681536
chr21	+	34713304	34713480	34715573	34715728	34707829	34707953
chr1	-	93792158	93792219	93791325	93791452	93802933	93804831
chr1	-	77672324	77672416	77632403	77632515	77676120	77676174
chr17	+	53019649	53019852	53024621	53024673	53016284	53016381
chr22	+	35659974	35660089	35660640	35661596	35659788	35659867
chrX	+	69366482	69366678	69368610	69368690	69354372	69354666
chr6	-	150063525	150063706	150059778	150059914	150064773	150064851
chr10	+	124797262	124797363	124799981	124800188	124793871	124794031
chr19	+	10789288	10789380	10789772	10789868	10787838	10787986
chr19	+	10791021	10791119	10791694	10791806	10790491	10790603
chr8	-	82583173	82583282	82572750	82572902	82586075	82586184
chr4	-	185349827	185349951	185340622	185340722	185350131	185350224
chr10	-	33222278	33222511	33221433	33221528	33224419	33224486
chr20	-	33868456	33868632	33867744	33867921	33871978	33872295
chr17	+	7127464	7127562	7127639	7127871	7127131	7127388
chr5	-	64909553	64909682	64907429	64907708	64909924	64910046
chr15	+	56711960	56712037	56719802	56719937	56704499	56704634
chr19	+	37416101	37416160	37427647	37427774	37408480	37408550
chr19	+	37422454	37422547	37427647	37427774	37416101	37416160
chr2	+	97864322	97864395	97866070	97866099	97864199	97864228
chr2	+	97873670	97873743	97875417	97875446	97873547	97873576
chr9	+	98669359	98669553	98677949	98678111	98660130	98660253
chr9	+	98717009	98717204	98718195	98718295	98703735	98703831
chr11	+	108005868	108005969	108009624	108009768	108004947	108005043
chr2	+	149809011	149809072	149818484	149818633	149806827	149806976
chr12	+	105759584	105759620	105760394	105760474	105742379	105742404
chr14	+	56117286	56117355	56118607	56118645	56117045	56117136
chr14	+	56139889	56139973	56142552	56142636	56139646	56139730
chr7	+	99750338	99750380	99751022	99751140	99747121	99747202
chr10	-	116213137	116213242	116211382	116211430	116225456	116225586
chr2	-	70310638	70310819	70286774	70286812	70312678	70312756
chr2	-	70259264	70259387	70223817	70224020	70278334	70278437
chr4	+	91325074	91325170	91389384	91389505	91321186	91321280
chr10	-	104449649	104449700	104445572	104445758	104459129	104459246
chr17	+	41354671	41354729	41355697	41355803	41353702	41353797
chr18	-	45396845	45396935	45395613	45395807	45422891	45423180
chr5	+	135488363	135488447	135489280	135489852	135483520	135483595
chr1	-	53699213	53699324	53694543	53694626	53701248	53701307
chr2	+	210569173	210569344	210570303	210570451	210565000	210565062
chr3	-	47960208	47960331	47957440	47958664	47963254	47963368
chr3	+	152174055	152174150	152177059	152177134	152165408	152165562
chr3	+	152174055	152174150	152177059	152177134	152173330	152173366
chr1	+	207941123	207941168	207943665	207943707	207940357	207940540
chr1	+	207943665	207943707	207956636	207956675	207940357	207940540
chr2	+	63822556	63822653	63824532	63824708	63821621	63821720
chr12	+	69209407	69209500	69210591	69210725	69207333	69207408
chr12	+	69208382	69208469	69210591	69210725	69207333	69207408
chr1	+	204506528	204506625	204507336	204507436	204501318	204501374
chr2	+	66739280	66739426	66775074	66775151	66691240	66691352
chr14	+	39790131	39790260	39796067	39796226	39788412	39788495
chr4	+	140616350	140616421	140624608	140624690	140599696	140599796
chr4	+	140608813	140608894	140616350	140616421	140599696	140599796
chr3	+	37090007	37090100	37090394	37090508	37089009	37089174
chr5	-	52397188	52397339	52396240	52396364	52397926	52398054
chr2	+	192265474	192265561	192272840	192272915	192265107	192265194
chr8	-	62556503	62556560	62555944	62555992	62557158	62557191
chr8	-	62550880	62550922	62550505	62550562	62555446	62555479
chr2	-	55493516	55493658	55490775	55491001	55494704	55494771
chr2	-	55481176	55481337	55479612	55479789	55481789	55481961
chr1	+	236995265	236995378	236998846	236998987	236992488	236992568
chr6	-	49404234	49404310	49403168	49403336	49407918	49408066
chr12	-	80199945	80200113	80199371	80199548	80201005	80201110
chr12	-	80199371	80199548	80192273	80192364	80199945	80200113
chr12	-	80183377	80183460	80180556	80182563	80184246	80184263
chr12	-	76453556	76453658	76449812	76449941	76453917	76454059
chr19	+	54608903	54609010	54609240	54609322	54606421	54606496
chr17	-	40052872	40052902	40049285	40049427	40054001	40054092
chr19	-	8384184	8384278	8381379	8381529	8385740	8385790
chr3	+	179334770	179334832	179336202	179336309	179333770	179333837
chr1	+	161182381	161182444	161183169	161183265	161182140	161182270
chr5	+	52900553	52900725	52942062	52942235	52899281	52899360
chr22	+	31817293	31817385	31819265	31819396	31816241	31816411
chr2	+	242265381	242265528	242274540	242274627	242263630	242263656
chr4	-	170482630	170482705	170477082	170477246	170482837	170482888
chr13	-	52709864	52709999	52707824	52707951	52710251	52710395
chr15	+	73567032	73567065	73570471	73570540	73566151	73566346
chr17	+	46134393	46134483	46134705	46134864	46133747	46133960
chr19	+	3453760	3453914	3456547	3456633	3452479	3452664
chrX	+	70504833	70504947	70510478	70510656	70504246	70504303
chr12	+	70695484	70695645	70704674	70704797	70671911	70672054
chr12	+	70679179	70679366	70704674	70704797	70671911	70672054
chr12	+	70687850	70688074	70704674	70704797	70671911	70672054
chr12	+	70713077	70713144	70723202	70723350	70704674	70704797
chr12	+	70731535	70731600	70732222	70732343	70731168	70731293
chr7	-	107878195	107878213	107875026	107875132	107880402	107880614
chr7	-	107831697	107831727	107830088	107830190	107832172	107832297
chr1	-	52302040	52302110	52301802	52301884	52305897	52306186
chr11	+	17308180	17308264	17316870	17317014	17304335	17304490
chr11	+	17312786	17312912	17316870	17317014	17304335	17304490
chr1	-	224499501	224499559	224495692	224495965	224505395	224505495
chr3	+	193334966	193335074	193336657	193336725	193333462	193333559
chr3	+	193335572	193335626	193336657	193336725	193334966	193335074
chr3	+	193343880	193343991	193349400	193349454	193336657	193336725
chr15	-	77150149	77150220	77134074	77134272	77154756	77154874
chr15	-	77148150	77148217	77134074	77134272	77150149	77150220
chr15	-	77134074	77134272	77096873	77096974	77150149	77150220
chr15	-	76859610	76859746	76797199	76797315	76866498	76866625
chr2	-	148717810	148717875	148716359	148716435	148730307	148730398
chr5	-	41851792	41851813	41850131	41850281	41853520	41853656
chr12	-	57033763	57033976	57032889	57033091	57036241	57036364
chrX	+	110389748	110389793	110390964	110391118	110385323	110385424
chr5	+	102309819	102310140	102325975	102326105	102296861	102296933
chr5	+	102353037	102353137	102355493	102355547	102345454	102345570
chr6	+	31804071	31804294	31805012	31805212	31803187	31803228
chr1	-	93624371	93624442	93621856	93622040	93625685	93625783
chr10	-	99202993	99203068	99200927	99201016	99205488	99205604
chr12	-	102443966	102444069	102439831	102439897	102455025	102455124
chr6	-	125619859	125619962	125613973	125614055	125621683	125621805
chr4	+	84379498	84379582	84382125	84382185	84378061	84378111
chr4	+	84379498	84379582	84380892	84380950	84378061	84378111
chr4	+	84380892	84380950	84382125	84382185	84378061	84378111
chr4	+	84380892	84380950	84382125	84382185	84379498	84379582
chr12	+	21660050	21660085	21661316	21661495	21659818	21659910
chr12	+	21660877	21661043	21661316	21661495	21659818	21659910
chr12	+	16111121	16111269	16112762	16112858	16109869	16109967
chr11	+	57505825	57505902	57506135	57506511	57505257	57505498
chr8	+	17792214	17792367	17793097	17793215	17782221	17782289
chr8	+	17797550	17797667	17804694	17804872	17797199	17797370
chr8	+	17838099	17838264	17842955	17843128	17829837	17830196
chr1	+	156703800	156704285	156705516	156705701	156703168	156703312
chr6	+	150093149	150093383	150094273	150094305	150092297	150092402
chr8	+	79624224	79624341	79627455	79627563	79610648	79610748
chr15	-	41686302	41686556	41680645	41680720	41687056	41687242
chr14	-	68156928	68157138	68151731	68151921	68157856	68157961
chr8	-	87507057	87507195	87500780	87500868	87519223	87519341
chr20	+	20007427	20007563	20013151	20013297	20006312	20006411
chr5	-	133948380	133948446	133945260	133945364	133956622	133956742
chr21	+	47771342	47771454	47773017	47773240	47769597	47769734
chr3	-	3214189	3214330	3209317	3209477	3214459	3214609
chr20	+	34400544	34400641	34430494	34430666	34389412	34389527
chr20	+	34446223	34446303	34450934	34451322	34435271	34435356
chr15	+	34519893	34520047	34521953	34522357	34517715	34517851
chr15	+	34520629	34520790	34521953	34522357	34519893	34520047
chr14	-	70819852	70819969	70809374	70809446	70826235	70826456
chr7	-	33069240	33069326	33066428	33066527	33075545	33075600
chr2	+	99803381	99803481	99804639	99804720	99802639	99802717
chr5	-	137292165	137292231	137289854	137290065	137295304	137295452
chr5	-	137281916	137282000	137281590	137281686	137284643	137284873
chr3	+	157854401	157854430	157920860	157921034	157841654	157841780
chr3	+	157943445	157943522	158015827	158015864	157920860	157921034
chr10	+	28900183	28900410	28900702	28900851	28899627	28899750
chr6	+	110520137	110520240	110522760	110522890	110514384	110514471
chr6	+	143605246	143605362	143654418	143654582	143486218	143486320
chr5	+	74864501	74864615	74865164	74865317	74848296	74848416
chr12	-	110826316	110826428	110825543	110825697	110832905	110833025
chr16	+	25172422	25172525	25175918	25176039	25151491	25151568
chr15	+	65849076	65849241	65851017	65851069	65847224	65847298
chr1	+	111996832	111996978	111998707	111998871	111992458	111992495
chr1	+	161127043	161127107	161127406	161127483	161126739	161126807
chr7	-	129664102	129664346	129663350	129663563	129665997	129666152
chr1	+	31791013	31791083	31791955	31792013	31782890	31783011
chr1	+	31810021	31810122	31811803	31811895	31791955	31792013
chr2	-	64140958	64141059	64140356	64140444	64141315	64141421
chr14	-	36774294	36774510	36769990	36770029	36777297	36777395
chr8	-	130908917	130909100	130891634	130891717	130915557	130915627
chr8	-	103862226	103862393	103855778	103855975	103870240	103870378
chr2	+	203142672	203142725	203147073	203147195	203139835	203139912
chr2	+	203142934	203143052	203147073	203147195	203142672	203142725
chr2	+	203160396	203160560	203162101	203162236	203157499	203157626
chr20	+	44050022	44050223	44052855	44053021	44049147	44049333
chr8	-	54723723	54723777	54714358	54714456	54727221	54727326
chr8	-	54719301	54719418	54714358	54714456	54723723	54723777
chr1	-	101488490	101488885	101487196	101487321	101490864	101491022
chr1	-	101479265	101479374	101467022	101467143	101487196	101487321
chr2	+	44008766	44008903	44010658	44010693	44003920	44004038
chr2	+	44014319	44014389	44016771	44016860	44010658	44010693
chr14	-	60619656	60619896	60616782	60616905	60620676	60620783
chr14	+	52460440	52460540	52465211	52465298	52458034	52458159
chr11	+	73519357	73519395	73536752	73536841	73516071	73516124
chr11	+	73528867	73528992	73536752	73536841	73519357	73519395
chr11	+	73534057	73534115	73536752	73536841	73519357	73519395
chr11	+	73536752	73536841	73555851	73556021	73519357	73519395
chr11	+	73554291	73554412	73555851	73556021	73536752	73536841
chr11	+	73570951	73571054	73574216	73574306	73555851	73556021
chr7	-	75643059	75643205	75634576	75634722	75651168	75651310
chr2	-	179337755	179337869	179334378	179334512	179341788	179341940
chr5	-	32380180	32380278	32379220	32379316	32385613	32385755
chr8	-	120608086	120608242	120605991	120606100	120612917	120612990
chr8	-	120584415	120584490	120582944	120583081	120592355	120592407
chr1	+	47840580	47840657	47840868	47840965	47838626	47838779
chr1	-	235377083	235377341	235359345	235359430	235383107	235383283
chr17	+	48814647	48814840	48817666	48817710	48814320	48814387
chr12	-	27132716	27132869	27129192	27129290	27133498	27133579
chr6	-	99830883	99831006	99828064	99828217	99831573	99831700
chr1	+	207243624	207243754	207244853	207244918	207242768	207242873
chr1	+	207244532	207244595	207244853	207244918	207243624	207243754
chr16	+	47596308	47596406	47614205	47614269	47581343	47581459
chr22	-	18083857	18083947	18082792	18082861	18095577	18095644
chr21	+	44430162	44430334	44433177	44433348	44427600	44427728
chr4	-	77057338	77057565	77055327	77055515	77065301	77065445
chr3	-	146239330	146239492	146234792	146234954	146243391	146243434
chr3	-	146239619	146239840	146239330	146239492	146243391	146243434
chr19	+	50362345	50362433	50363242	50363440	50361805	50361910
chr10	+	26482133	26482240	26490193	26490234	26465629	26465774
chr2	-	201742219	201742327	201741641	201741760	201746143	201746211
chr15	-	64480573	64480684	64472546	64472653	64495280	64495388
chr8	+	42220129	42220216	42226788	42226853	42218812	42218883
chr4	+	57856913	57857064	57860569	57860682	57852519	57852592
chr8	+	75272371	75272545	75274118	75274213	75263508	75263701
chr12	-	46756803	46756928	46756276	46756421	46757508	46757609
chr1	-	54348785	54348949	54344314	54344395	54354579	54354659
chr7	-	95006844	95006988	95001484	95001650	95019465	95019521
chr1	+	100605737	100605807	100605963	100606575	100605204	100605267
chr5	+	14601459	14601551	14602291	14602441	14601321	14601353
chr18	-	66368981	66369027	66367641	66367722	66377257	66377381
chr18	-	66367641	66367722	66365168	66365268	66368981	66369027
chr3	-	142279104	142279296	142278092	142278283	142280084	142280263
chrX	-	76954997	76955035	76954061	76954117	76972607	76972720
chrX	-	76949312	76949426	76944310	76944420	76952064	76952192
chr7	+	12269304	12269445	12270014	12270064	12263851	12264011
chr6	-	135816676	135816847	135813365	135813429	135816951	135817036
chr6	-	135618569	135618630	135611560	135611663	135621637	135621696
chr15	-	56999279	56999348	56996318	56996465	56999460	56999504
chr15	-	56960194	56960439	56958876	56959184	56961020	56961155
chr1	-	118456041	118456121	118455151	118455305	118461218	118461358
chr1	-	155804072	155804195	155796627	155796819	155823066	155823597
chr1	-	155801325	155801411	155796627	155796819	155823066	155823597
chr17	-	36971877	36971994	36971113	36971350	36977153	36977326
chr12	-	49056342	49056437	49054148	49054402	49061475	49061572
chr1	+	186355119	186355215	186357573	186357680	186352153	186352288
chr9	-	77693241	77693527	77692405	77692496	77698002	77698066
chr14	-	35564253	35564390	35560275	35560413	35565763	35565839
chr12	-	54975759	54975915	54974727	54974834	54976515	54976579
chr17	+	71238382	71238490	71239034	71239142	71231614	71233134
chr9	-	95085517	95085633	95083949	95084028	95085722	95085785
chr9	-	95082224	95082661	95081502	95081638	95083949	95084028
chr2	+	86352577	86352638	86352917	86353003	86352117	86352205
chr2	+	131888293	131888333	131897739	131897848	131884256	131884359
chr14	-	90784047	90784164	90782921	90783155	90784348	90784457
chr8	+	124447681	124447782	124448692	124448841	124442222	124442273
chr2	-	58453862	58453919	58449076	58449177	58456948	58457009
chr4	+	129003319	129003460	129012155	129012299	128998942	128999117
chr4	+	129013931	129014186	129019340	129019485	129012501	129012667
chr15	+	42852979	42853068	42853467	42853600	42851536	42851606
chr14	-	23378691	23378804	23375403	23375577	23380536	23380612
chr14	-	23377541	23377608	23375403	23375577	23378691	23378804
chr9	+	108476646	108476786	108483817	108484002	108467877	108468034
chr4	-	76895228	76895286	76894469	76894544	76896896	76896997
chr6	-	42181857	42181956	42179518	42179655	42182017	42182082
chr3	-	52677263	52677359	52675969	52676061	52678719	52678805
chr12	+	32133811	32138891	32140172	32140256	32123122	32123290
chr8	-	27614235	27614287	27610028	27610104	27619935	27619975
chr8	-	27606011	27606115	27605593	27605796	27610028	27610104
chr18	+	33718757	33718835	33721099	33721164	33718232	33718389
chr18	+	33719381	33719576	33721099	33721164	33718757	33718835
chr18	+	33726212	33726344	33734812	33734962	33725910	33726011
chr18	+	33750025	33750159	33751009	33751123	33747063	33747185
chr5	-	76760585	76760634	76758919	76759051	76785281	76785397
chr10	-	101996606	101996726	101995423	101995521	101997778	101997988
chr8	-	74737381	74737484	74722708	74722864	74742615	74742707
chr11	+	68282495	68282634	68286968	68287119	68272612	68272739
chr11	+	68289961	68290157	68305126	68305359	68286968	68287119
chr11	+	68305126	68305359	68312305	68312492	68286968	68287119
chr11	-	18568426	18568597	18566169	18566343	18579774	18579877
chr4	+	26724472	26724512	26737076	26737109	26721702	26721747
chr10	-	75236915	75236969	75234676	75234788	75238256	75238381
chr14	-	45701711	45701830	45700343	45700501	45701935	45702023
chr9	-	127923119	127923185	127920519	127920661	127933363	127933459
chr14	+	101302378	101302412	101302503	101302637	101301572	101302216
chrX	+	73214674	73214796	73218602	73218679	73164418	73164497
chrX	+	73182565	73182636	73214674	73214796	73164418	73164497
chr19	+	54067016	54067046	54072557	54072639	54059098	54059162
chr3	-	183551511	183551613	183551279	183551377	183558357	183558428
chr18	-	697239	697414	694247	694334	706469	706578
chr18	-	691203	691304	691067	691106	693881	693908
chr18	-	678695	678737	677742	677872	683245	683380
chr11	+	126144821	126144916	126145221	126145323	126143210	126143349
chr2	+	71302684	71302772	71303733	71303831	71300592	71300724
chr12	-	122975481	122975600	122975008	122975114	122977261	122977336
chr12	-	39740267	39740306	39735835	39735926	39745578	39745782
chr12	-	39724043	39724064	39720065	39720126	39724547	39724713
chr20	-	13581189	13581264	13567896	13568017	13604092	13604161
chr20	-	13550153	13550233	13514668	13514788	13561543	13561628
chr2	-	153571063	153571156	153551055	153551136	153572508	153572640
chr2	-	153549671	153549990	153549551	153549582	153551055	153551136
chr1	+	84640715	84640739	84644859	84644921	84630617	84630696
chr14	-	91932604	91932760	91931593	91931763	91937180	91937339
chr12	-	49402208	49402382	49399525	49399635	49406844	49406893
chr16	-	46702841	46702964	46696894	46697074	46705616	46705772
chr20	-	33722540	33722752	33719444	33719586	33725682	33725808
chr10	+	70497601	70497646	70500385	70500418	70496632	70496805
chr13	-	96513041	96513137	96511844	96511929	96515882	96515968
chr17	-	30193673	30193734	30192384	30192457	30195064	30195131
chr3	-	52730249	52730334	52729943	52730056	52730557	52730675
chr14	-	34998563	34998681	34993902	34994013	35002649	35002745
chr20	+	21117030	21117193	21126205	21126295	21112737	21112800
chr20	+	21121844	21121888	21126205	21126295	21117030	21117193
chr14	+	58697797	58697871	58698783	58698985	58697116	58697198
chr6	-	127637078	127637119	127635960	127636041	127637594	127637647
chr3	+	169501264	169501348	169502409	169502496	169500252	169500431
chr3	+	169501517	169501646	169502409	169502496	169501264	169501348
chr7	+	104678831	104678972	104681285	104681470	104678572	104678646
chr20	-	1443979	1444086	1438840	1438919	1444973	1445071
chr13	+	96409897	96410050	96412293	96412475	96377431	96377506
chr1	-	89430238	89430395	89427741	89427828	89430511	89430661
chr17	+	18775895	18775962	18781010	18781183	18769114	18769265
chr14	-	93172827	93172998	93170984	93171052	93176016	93176217
chr12	-	122705076	122705174	122702812	122702944	122709058	122709191
chr12	-	122703228	122703322	122702812	122702944	122709058	122709191
chr12	-	122702812	122702944	122701305	122701416	122709058	122709191
chr5	+	87578826	87578903	87581557	87581668	87578531	87578683
chr2	-	223489432	223489494	223488990	223489198	223493555	223493607
chr12	+	32858758	32858797	32860300	32860347	32854348	32854496
chr12	+	32890798	32890876	32891197	32891230	32890038	32890095
chr1	-	155230327	155230450	155230120	155230241	155231447	155231525
chr12	-	110878116	110878193	110874888	110874957	110883256	110883356
chr1	-	115603084	115603159	115601503	115601602	115604755	115604853
chr2	+	219099074	219099120	219103386	219103573	219093460	219093573
chr2	+	219104113	219104207	219110142	219110269	219103386	219103573
chr2	-	44117361	44117501	44116872	44117015	44121683	44121768
chr12	-	42592937	42593037	42555414	42555567	42604156	42604256
chr14	+	58718836	58718960	58724462	58724564	58714467	58714550
chr14	+	58737651	58737716	58738568	58738730	58737135	58737203
chr17	+	36916683	36916861	36918663	36918758	36912135	36912243
chr16	-	81022144	81022201	81015410	81015482	81030918	81031034
chr16	-	81030527	81030625	81015410	81015482	81030918	81031034
chr16	-	81015410	81015482	81014374	81014484	81030918	81031034
chr2	+	228217229	228217289	228220392	228220477	228207460	228207535
chr14	-	24910879	24911001	24909988	24910132	24911303	24911466
chr9	-	127167595	127167711	127146872	127146935	127174630	127174771
chr15	+	49923152	49923255	49924355	49924499	49917309	49917628
chr15	+	49925716	49925809	49926732	49926991	49924355	49924499
chr16	-	57465062	57465178	57464169	57464251	57466398	57466472
chr6	-	88274261	88274380	88273847	88273950	88279234	88279308
chr6	-	88258308	88258364	88255333	88255417	88265125	88265223
chr6	-	88255333	88255417	88251635	88251712	88265125	88265223
chr17	+	61907492	61907549	61907630	61907861	61907211	61907309
chr2	+	232028348	232028441	232029913	232030000	232026053	232026223
chr1	+	11805986	11806280	11807496	11807602	11805859	11805894
chr9	-	123591376	123591486	123589042	123589185	123593608	123593737
chr6	-	117898610	117898634	117896339	117896515	117900062	117900227
chr2	-	55200956	55201003	55200698	55200757	55209650	55209789
chr2	-	55201830	55201900	55200698	55200757	55209650	55209789
chr2	-	55200956	55201003	55200698	55200757	55201830	55201900
chr17	+	30781769	30781895	30791066	30791138	30781512	30781637
chr17	+	30806868	30806904	30807163	30807215	30806268	30806394
chr5	-	175777615	175777740	175775252	175775359	175786813	175786921
chr2	-	55793990	55794134	55792037	55792177	55795329	55795499
chr6	-	86248555	86248582	86246509	86246642	86251702	86251761
chr9	-	33262102	33262244	33261084	33261167	33262699	33262828
chr3	-	101136436	101136634	101117704	101117899	101177798	101177896
chr3	-	101136436	101136634	101090851	101090970	101177798	101177896
chr3	-	101117704	101117899	101090851	101090970	101177798	101177896
chr5	-	178046838	178047674	178043882	178045779	178050256	178050417
chr5	-	178035376	178035459	178032303	178032383	178039416	178039546
chr16	-	4521314	4521450	4519227	4519466	4524093	4524167
chr17	-	73265427	73265550	73263826	73264273	73266194	73266326
chr8	-	141696730	141696793	141685528	141685598	141710989	141711121
chr1	-	86851140	86851273	86850358	86850484	86852597	86852769
chr5	-	90672437	90672585	90671327	90671430	90674510	90674592
chr6	+	71128077	71128195	71136141	71136235	71124993	71125079
chr2	-	98166566	98166622	98166048	98166077	98167751	98167824
chr14	-	20783939	20784009	20781626	20781960	20784385	20784719
chr20	+	2928627	2928670	2944917	2944996	2903852	2903931
chr14	+	74388768	74388909	74390097	74390225	74387620	74387808
chr2	-	220164421	220164508	220164026	220164106	220164706	220164981
chr2	-	220162606	220162825	220161954	220162155	220163768	220163833
chr11	+	112100930	112100953	112101348	112101405	112099316	112099396
chr5	-	34914031	34914131	34911658	34911917	34914799	34915066
chr5	-	34914031	34914131	34913574	34913683	34914799	34915066
chr14	+	73555077	73555182	73563622	73563808	73554708	73554869
chr14	-	35077235	35077346	35074801	35074923	35078843	35078948
chr14	-	35073340	35073474	35072553	35072677	35074801	35074923
chr14	-	35050766	35050806	35044961	35045048	35055435	35055511
chr4	-	17493854	17493963	17492284	17492368	17503341	17503482
chr2	-	65318116	65318212	65316072	65316204	65325104	65325200
chr8	+	61488792	61488856	61496766	61496849	61484604	61484672
chr12	+	69044179	69044248	69047891	69048032	69042449	69042561
chr14	+	58832741	58832948	58833600	58833747	58832235	58832340
chr18	+	20586325	20586395	20596790	20596887	20581533	20581692
chr11	+	65112050	65112092	65113136	65113274	65111461	65111540
chr6	+	126327987	126328100	126329537	126329618	126320602	126320759
chr12	+	27888379	27888489	27890471	27890541	27876979	27877119
chr11	-	82989768	82989872	82984993	82985783	82991183	82991303
chr2	-	20939730	20939965	20901329	20901412	20974569	20974739
chr4	+	44690023	44690163	44691302	44691426	44688526	44688730
chr4	+	44697631	44697751	44699424	44699461	44696428	44696530
chr6	+	71457787	71457907	71464682	71464768	71442080	71442214
chr3	+	77613600	77613739	77614104	77614271	77612317	77612480
chr3	+	77681624	77681807	77684020	77684194	77671377	77671583
chr3	-	101401272	101401336	101399933	101400059	101401614	101401751
chr17	+	41151949	41152119	41154689	41154800	41150765	41150848
chr12	-	120636356	120636573	120635124	120635265	120636656	120636803
chr20	+	35828849	35828897	35832287	35832365	35827452	35827628
chr20	+	35860698	35860794	35862422	35862498	35858356	35858462
chr12	-	122831921	122832026	122825299	122826244	122837272	122837333
chr1	+	109774252	109774408	109777831	109778053	109772035	109772194
chr1	+	109779426	109779501	109779865	109779995	109779012	109779170
chr10	-	120096741	120096920	120095693	120095935	120101238	120101439
chr19	+	49619519	49619729	49621111	49621275	49618516	49618588
chr3	-	15123873	15124115	15122238	15122309	15126241	15126403
chr2	-	38976039	38976488	38975720	38975795	38976670	38976847
chr2	-	38974203	38974272	38973835	38973889	38975188	38975299
chr3	-	28379427	28379527	28378227	28378376	28379983	28380106
chr5	-	138362489	138362681	138356859	138356981	138378308	138378408
chr1	+	784863	784982	787306	787490	783033	783186
chr3	-	112269038	112269109	112267379	112267487	112272126	112272176
chr4	-	52898017	52898127	52895843	52896029	52899596	52899806
chr1	+	100534028	100534142	100535169	100535241	100533532	100533751
chr10	-	103427642	103427737	103384501	103384567	103432671	103432804
chr3	+	158542966	158543090	158543803	158543851	158541912	158542025
chr1	-	37962307	37962337	37961485	37961519	37967404	37967597
chr1	-	37962147	37962205	37961485	37961519	37967404	37967597
chr12	+	72278590	72278801	72287001	72287104	72266708	72266783
chr12	+	72274248	72274387	72287001	72287104	72266708	72266783
chr1	+	231126345	231126444	231131505	231131730	231125855	231126009
chr1	+	231128010	231128216	231131505	231131730	231125855	231126009
chr2	+	160572191	160572277	160585519	160585686	160568956	160569172
chr2	+	160602280	160602448	160604315	160605414	160599571	160599764
chr2	+	61014645	61014755	61018895	61019017	61014081	61014201
chr7	+	66773563	66773639	66773921	66774126	66770973	66771070
chr2	+	105696440	105696520	105705441	105705527	105687916	105687947
chr4	+	78828099	78828364	78830419	78830526	78815292	78815404
chr5	+	56509900	56510020	56526672	56526796	56471274	56472227
chr5	+	56517202	56517223	56526672	56526796	56509900	56510020
chr5	+	56532939	56532999	56542126	56542311	56531792	56531859
chr12	+	989886	990165	990857	990955	987377	987527
chr9	-	41975030	41975128	41963838	41963942	42008850	42008960
chrX	-	128627016	128627052	128625917	128626070	128630726	128630848
chr9	+	2170418	2170472	2181570	2181676	2161685	2161903
chr1	+	28773927	28774001	28785595	28785769	28733920	28733974
chr1	+	28784342	28784370	28785595	28785769	28733920	28733974
chr5	+	125801985	125802028	125805368	125805480	125801068	125801237
chr5	+	125805368	125805480	125807929	125807996	125801068	125801237
chr11	-	893426	893519	884061	884169	899339	899401
chr12	-	56577644	56577714	56575787	56575863	56577958	56578028
chrX	+	21990624	21990689	21995178	21995354	21985313	21985434
chr20	+	10273529	10273647	10273808	10273926	10265371	10265420
chr20	+	10273808	10273926	10277572	10277698	10273529	10273647
chr15	+	25165619	25165694	25195721	25195837	25165157	25165271
chr21	+	34919306	34919375	34921781	34927697	34918518	34918685
chr6	-	56394245	56394572	56393638	56393723	56394771	56394931
chr2	+	231305190	231305272	231307651	231307814	231282305	231282380
chr2	+	231314886	231314970	231325976	231326129	231314275	231314425
chr4	+	88901197	88901278	88901544	88901586	88898210	88898249
chr4	+	88901544	88901586	88902626	88902950	88901197	88901278
chr15	-	40329509	40329556	40329186	40329219	40330482	40330595
chr14	+	35468763	35468855	35470141	35470226	35465882	35465993
chr4	+	57349304	57349436	57350901	57351030	57344757	57344815
chr4	+	57360114	57360228	57361522	57361560	57357596	57357734
chr6	-	7298155	7298234	7295624	7295718	7298979	7299056
chrX	+	153062912	153062987	153063179	153063269	153061888	153062007
chr18	-	23662326	23662492	23658039	23658124	23667464	23667541
chr18	-	23615794	23615887	23614968	23615091	23618518	23618623
chr22	-	41228572	41228675	41226843	41226960	41231563	41231674
chr11	-	17416718	17417017	17415812	17415946	17417156	17417265
chr8	-	120809229	120809343	120807771	120807871	120809901	120810086
chr12	+	53898918	53899046	53899432	53899634	53898395	53898599
chr5	+	33448646	33448837	33453393	33453517	33445429	33445510
chr15	+	57364850	57364912	57383986	57384089	57355947	57356021
chr6	-	159061150	159061222	159057505	159058926	159062350	159062392
chr8	+	73942570	73942630	73944276	73944368	73939174	73939287
chr3	-	24359848	24359985	24270428	24270492	24378790	24378862
chr10	-	121339982	121340358	121339446	121339522	121341433	121341521
chr3	-	53271812	53271937	53268994	53269190	53274266	53274364
chr15	-	43704869	43704965	43701844	43701939	43705316	43705532
chr8	-	80964840	80964910	80963761	80963863	80965516	80965665
chr12	-	95456625	95456663	95456283	95456514	95461106	95461167
chr12	+	104325488	104325526	104326054	104326196	104325298	104325401
chr1	-	156304658	156304709	156303337	156303434	156305617	156305679
chr17	-	40139612	40139712	40135580	40135654	40139836	40139928
chr21	+	38523119	38523184	38524192	38524329	38522377	38522470
chr21	+	38529462	38529516	38532000	38532047	38528956	38529208
chr21	+	38530432	38530505	38532000	38532047	38528956	38529208
chr21	+	38564412	38564514	38567975	38568337	38563634	38563725
chr16	-	28856634	28856801	28856271	28856376	28857232	28857427
chr12	+	3029928	3030088	3031427	3031568	3018694	3018746
chr5	+	133712359	133712385	133716409	133716499	133710073	133710154
chr5	+	133712359	133712385	133724015	133724104	133710073	133710154
chr5	+	133716409	133716499	133724015	133724104	133710073	133710154
chr5	+	133716409	133716499	133724015	133724104	133712359	133712385
chr4	-	103730224	103730341	103722610	103723795	103730828	103730880
chr8	+	48956058	48956186	48962412	48962538	48955592	48955741
chr13	+	76164073	76164265	76169050	76169126	76143595	76143643
chr2	+	64084683	64084852	64084962	64085070	64083439	64083567
chr10	+	76977645	76977749	76978820	76979114	76973778	76973828
chr9	+	2651414	2651498	2651873	2651954	2650369	2650516
chr2	+	58285486	58285623	58311223	58311273	58275961	58276102
chr14	-	100835423	100835595	100827999	100828258	100840472	100840602
chr2	-	61717776	61717911	61715722	61715906	61719169	61719333
chr19	-	44065061	44065172	44058797	44058956	44079061	44079154
chr8	-	101964156	101964536	101960823	101961128	101965077	101965285
chr21	-	34828310	34828404	34828033	34828091	34832719	34832812
chr19	+	36716855	36716975	36719649	36719721	36709023	36709097
chr3	-	125033780	125033897	125032151	125032500	125042152	125042288
chr17	+	30693683	30693776	30694790	30695033	30692348	30692506
chr3	+	53803999	53804044	53804450	53804579	53796024	53796108
chr3	+	53836173	53836200	53837449	53837599	53835084	53835452
chr1	+	38024927	38025097	38027157	38027336	38023203	38023349
chr1	+	38027157	38027336	38027681	38027846	38023203	38023349
chr1	+	155686796	155686919	155691307	155691471	155679563	155679615
chr1	+	155691307	155691471	155695172	155695281	155686796	155686919
chr1	+	155698832	155698913	155698998	155699157	155697398	155697529
chr16	-	31104103	31104187	31102169	31102663	31104632	31104803
chr1	-	44804716	44804994	44785299	44785416	44818521	44818597
chr9	+	91948939	91949070	91949436	91949645	91947822	91947901
chr5	-	112228146	112228514	112222711	112222880	112238076	112238215
chr11	+	47013093	47013198	47073938	47074069	47008758	47008861
chr6	-	18244738	18244834	18237611	18237747	18249881	18250070
chr17	+	74739479	74739538	74740403	74740548	74738258	74738355
chr9	+	37857237	37857348	37860044	37860190	37854776	37854979
chr2	+	214161745	214161863	214161985	214162081	214160763	214160834
chr2	+	214167236	214167306	214174782	214174901	214161985	214162081
chr13	-	79217160	79217303	79216256	79216348	79218996	79219132
chr5	+	50052952	50053049	50055476	50055566	50045984	50046022
chr3	-	176782707	176782810	176771560	176771706	176816253	176816329
chr8	-	82629483	82629523	82627038	82627349	82630416	82630459
chr15	-	59204761	59204809	59193458	59193486	59209133	59209219
chr15	-	59205697	59205895	59204761	59204809	59209133	59209219
chr15	-	59186631	59186781	59186288	59186392	59189313	59189432
chr15	-	59182479	59182660	59181628	59181753	59185095	59185259
chr7	+	116774177	116774246	116776134	116776289	116771938	116772014
chr1	+	92767032	92767147	92769533	92769632	92765750	92765796
chr1	+	92789001	92789932	92798947	92799030	92786155	92786191
chr7	+	107392989	107393062	107393855	107393956	107389324	107389492
chr4	-	156276867	156277036	156276222	156276312	156278600	156278671
chr12	+	21605014	21605088	21608065	21608226	21602496	21602625
chr2	-	10797867	10798017	10794606	10794673	10799297	10799376
chr12	-	112525486	112525605	112518863	112518938	112528529	112528668
chr12	-	112487286	112487415	112486095	112486247	112491361	112491461
chr16	+	53257361	53257419	53260277	53260424	53256555	53256667
chr10	+	21875222	21875277	21884259	21884369	21827761	21827841
chr10	+	21846549	21846753	21875222	21875277	21827761	21827841
chr10	+	21957845	21957981	21959377	21959633	21940601	21940697
chr9	-	86407865	86407932	86403515	86403593	86414099	86414243
chr2	-	47394614	47394829	47389626	47389801	47397872	47397903
chr11	+	107920616	107920793	107923386	107923528	107916996	107917096
chr1	-	32381491	32381588	32377296	32377427	32384570	32385259
chr7	+	128394582	128394776	128398924	128399091	128394315	128394509
chr20	+	30154012	30154098	30155880	30156083	30149436	30149539
chr16	-	47410754	47410865	47409786	47409851	47462714	47462809
chr4	+	54280781	54280889	54292038	54292132	54265896	54266006
chr17	+	57814813	57814904	57816197	57816308	57812698	57812834
chr17	+	57911372	57911411	57915655	57915758	57895072	57895134
chr6	+	10751365	10751467	10755374	10755465	10749854	10749931
chr20	-	10393177	10394579	10389271	10389451	10401175	10401406
chrY	-	21901413	21901548	21897506	21897636	21903203	21903374
chr5	+	96064856	96064913	96065315	96065429	96063192	96063234
chr5	+	96076448	96076487	96076969	96077062	96075741	96075822
chr15	+	63579622	63579745	63594543	63594671	63578756	63578827
chr16	+	48290520	48290652	48292528	48292651	48286041	48286276
chr4	-	110617565	110617642	110615680	110615856	110618777	110618924
chr3	+	150293435	150293549	150299404	150299533	150289744	150290316
chr3	+	150299404	150299533	150300986	150301052	150293435	150293549
chr8	-	125516511	125516588	125506073	125507783	125520714	125520755
chr8	-	125516080	125516192	125506073	125507783	125516511	125516588
chr1	-	62160368	62160442	62152463	62152593	62166605	62166697
chr1	-	62160368	62160442	62149088	62149218	62166605	62166697
chr1	-	62152463	62152593	62149088	62149218	62166605	62166697
chr1	-	62152463	62152593	62149088	62149218	62160368	62160442
chr7	+	91621471	91621525	91622198	91622369	91609602	91609647
chr7	+	91610186	91610272	91621471	91621525	91609602	91609647
chr2	+	204276007	204276094	204281630	204281804	204267298	204267457
chrX	+	40458187	40458270	40458843	40458993	40457932	40457986
chr14	-	54902796	54902844	54898825	54898938	54903086	54903155
chr14	-	54898825	54898938	54896965	54897122	54903086	54903155
chr3	+	50129475	50129641	50131152	50131308	50127814	50127884
chr3	+	50142981	50143142	50144199	50144297	50142509	50142575
chr7	-	150752839	150752935	150752363	150752693	150753666	150753723
chr3	-	48337608	48337726	48336564	48336725	48338216	48338319
chr13	+	31216062	31216186	31216764	31216894	31211880	31211994
chr19	-	14521232	14521417	14520553	14521146	14521800	14521984
chr12	+	7015008	7015118	7015572	7015826	7014748	7014923
chr1	-	23660010	23660124	23650048	23650225	23664246	23664354
chr1	-	23650048	23650225	23648020	23648156	23660010	23660124
chr17	+	46937675	46937811	46939637	46939666	46933453	46933549
chrX	-	48752634	48753255	48752320	48752384	48754041	48754141
chr1	+	40728505	40728655	40733457	40733544	40726510	40726657
chr13	+	21719230	21719423	21720943	21721066	21715024	21715134
chr5	+	10381911	10382055	10387105	10387178	10378870	10378944
chr12	+	64176320	64176484	64178749	64178852	64174798	64174954
chr17	-	17410482	17410516	17409540	17409615	17412747	17412859
chr3	+	98502406	98502583	98503788	98503884	98492763	98492827
chr5	+	74068137	74068246	74069692	74069885	74066455	74066635
chr1	+	201932743	201932872	201934560	201934671	201926638	201926702
chr1	+	201927966	201928036	201932743	201932872	201926638	201926702
chr6	-	4130412	4130483	4127995	4128065	4130605	4130876
chr13	+	73478599	73479008	73482668	73482819	73467921	73468087
chr17	-	73036186	73036258	73035303	73035366	73038275	73038372
chr9	-	94832625	94832685	94830247	94830380	94842297	94842370
chr6	+	88197775	88197820	88210225	88210385	88187079	88187257
chr6	+	88208811	88208884	88210225	88210385	88187079	88187257
chr6	+	88210225	88210385	88210875	88211028	88187079	88187257
chr6	+	25682178	25682234	25689399	25689445	25670226	25670304
chr4	+	95494501	95494544	95506715	95506922	95444874	95445026
chr20	+	18451947	18452009	18453485	18453553	18449587	18449705
chr1	-	185275616	185275757	185274646	185274775	185276145	185276271
chr2	+	177188119	177188192	177191552	177191629	177162576	177162623
chr8	+	136619197	136619280	136657301	136657360	136594120	136594316
chr8	+	30032600	30032706	30034641	30034730	30021626	30021691
chr5	-	93330150	93330209	93300162	93300228	93388830	93388932
chr17	-	47714120	47714171	47700094	47700238	47745388	47745440
chr2	+	74650604	74650658	74650981	74651109	74650317	74650512
chr17	+	28444319	28444350	28445097	28445191	28443663	28443881
chr17	+	28445097	28445191	28499559	28499616	28443663	28443881
chr5	+	134257631	134257805	134294729	134294810	134246024	134246156
chr1	-	91400964	91401087	91383608	91383711	91403041	91403647
chr6	+	111318186	111318308	111318385	111318467	111312949	111312989
chr3	+	197490336	197490509	197495309	197495458	197483296	197483428
chr1	+	245238875	245238913	245245384	245245464	245222687	245222760
chrX	+	133512034	133512136	133527530	133527664	133511601	133511785
chr12	-	56160763	56160827	56154334	56154424	56182858	56182927
chr1	-	9996576	9996685	9995549	9995685	10002681	10002840
chr1	+	231393967	231394055	231396252	231396429	231386706	231386889
chr10	+	98703869	98704002	98708764	98709052	98667424	98667504
chr16	-	4893404	4893603	4882774	4882913	4895074	4895184
chr11	+	34479322	34479394	34482797	34482936	34478211	34478364
chr4	-	186605907	186606000	186599949	186599976	186611715	186611765
chr4	-	186556508	186556565	186551702	186551752	186567821	186567936
chr1	-	227300371	227300614	227300012	227300123	227307504	227307638
chrX	+	13754226	13754415	13754596	13754797	13753366	13753465
chrX	+	13758207	13758332	13762533	13762638	13757120	13757151
chr10	-	105153955	105154151	105152127	105152223	105155502	105155789
chr15	-	51018269	51018323	51017417	51017520	51018517	51018574
chr10	-	89530708	89530798	89527429	89527480	89536077	89536184
chr2	+	172803227	172803303	172809398	172809519	172782046	172782151
chr17	-	17168115	17168295	17165279	17165420	17171198	17171359
chr17	-	17164913	17165006	17163614	17163788	17165279	17165420
chr17	-	17163614	17163788	17158172	17158259	17165279	17165420
chr3	+	158407951	158408112	158408927	158408981	158402312	158402457
chr7	+	12683762	12683940	12684208	12684330	12679971	12680142
chr15	+	68380179	68380228	68434283	68434368	68378643	68379088
chr10	+	13655740	13655881	13656014	13656086	13653614	13653683
chr11	+	47310518	47310578	47310941	47311044	47307983	47308085
chrX	-	41414852	41414888	41412971	41413168	41419031	41419100
chr7	+	89984399	89984544	90001468	90001542	89983771	89983863
chr3	-	62516328	62516487	62503823	62503925	62518545	62518733
chr3	-	62467397	62467544	62463935	62464091	62477013	62477155
chr3	-	62452972	62452987	62452013	62452088	62459847	62459995
chr8	-	92992004	92992159	92988132	92988201	92998351	92998553
chr14	-	73833604	73833689	73822333	73822474	73876644	73876776
chr1	+	32692003	32692131	32694099	32694210	32690010	32690076
chr1	+	32694735	32694809	32696527	32696620	32694327	32694417
chr1	-	21219111	21219222	21212693	21212864	21220009	21220129
chr17	-	40964248	40964374	40963672	40963815	40965965	40966026
chr18	-	31701197	31701280	31685012	31685124	31709834	31709984
chr18	-	31708812	31708853	31685012	31685124	31709834	31709984
chr2	-	55883439	55883506	55883265	55883355	55887291	55887328
chr18	+	13731474	13731933	13734462	13734598	13730625	13730754
chr18	+	21047362	21047490	21053392	21053590	21046096	21046240
chr13	-	50644717	50644777	50642232	50642299	50649694	50649789
chr13	+	115027361	115027423	115028353	115028489	115024809	115024873
chr1	-	45435649	45435716	45407177	45407337	45443986	45444132
chr1	-	45402928	45403020	45392299	45392411	45407177	45407337
chr8	+	87536936	87537042	87540763	87540905	87527689	87527727
chr8	+	87549790	87549874	87552472	87552562	87544736	87544808
chr20	-	34220084	34220170	34219866	34219947	34220232	34220307
chr7	-	94229008	94229035	94228048	94228275	94229957	94230169
chr1	+	201759681	201759705	201759816	201763705	201758867	201758920
chr12	-	112403398	112403563	112381068	112381173	112429561	112429693
chr16	+	15626843	15626992	15661839	15661913	15609161	15609285
chr3	+	111651115	111651244	111658321	111658477	111639128	111639266
chrX	+	129484619	129484705	129492613	129492709	129483224	129483319
chrX	+	129483797	129483841	129484619	129484705	129483224	129483319
chr5	-	86704904	86704946	86703792	86704003	86705106	86705180
chr5	-	86700660	86700824	86697518	86697589	86703792	86704003
chr7	-	72911204	72911281	72907129	72907251	72912826	72913028
chr17	-	49053223	49053262	49052131	49052308	49054468	49054582
chr2	+	135700181	135700244	135703670	135704035	135696571	135696632
chr6	+	54095511	54095715	54122105	54122159	54066902	54067031
chr6	-	136704808	136704919	136698892	136699006	136709530	136709648
chr7	+	56122061	56122196	56123316	56123490	56120114	56120178
chr7	+	56129439	56129542	56130375	56130448	56128499	56128633
chr18	+	178932	179037	180235	180339	166786	166819
chr16	+	84806146	84806291	84808765	84808831	84801798	84801964
chr8	-	17203522	17203668	17198871	17199006	17206461	17206590
chr3	-	42605256	42605472	42605014	42605178	42610356	42610565
chr3	-	42605014	42605178	42602608	42602788	42610356	42610565
chr2	+	219445717	219445837	219447693	219447809	219445283	219445463
chr10	+	112333464	112333503	112335093	112335161	112328695	112328771
chr1	+	52526099	52526331	52530496	52530610	52525506	52525573
chr1	+	52549011	52549213	52551783	52551843	52530496	52530610
chr10	-	27512135	27512168	27508651	27508786	27512266	27512381
chr14	-	50316346	50316425	50312857	50312983	50318280	50318383
chr14	-	50312857	50312983	50307435	50307584	50318280	50318383
chr14	-	50307435	50307584	50304856	50304924	50312857	50312983
chr14	-	50300140	50300214	50298924	50298995	50301080	50301167
chr2	+	148669105	148669129	148672759	148672903	148657312	148657467
chr16	+	12123469	12123591	12136753	12136934	12121176	12121301
chr3	-	37132957	37133029	37125126	37125297	37136282	37136399
chr3	-	37114280	37114373	37107300	37107433	37116514	37116607
chr8	+	98701265	98701331	98703179	98703416	98699656	98699833
chr8	+	98711981	98712080	98718853	98718978	98703179	98703416
chr8	+	98731276	98731417	98735106	98735263	98725889	98725997
chr18	+	9944920	9945055	9950391	9950565	9936982	9937063
chr10	-	112667437	112667594	112661295	112661370	112677878	112677971
chr19	-	36000812	36000863	35996619	35996667	36001085	36001154
chr19	-	35996840	35996951	35996619	35996667	36001085	36001154
chr19	-	35993037	35993085	35990859	35991482	35996619	35996667
chr14	-	92477329	92477416	92473983	92474196	92478098	92478139
chr6	-	79918263	79918293	79913296	79913347	79924688	79924739
chr18	-	54293392	54293497	54291518	54291692	54293591	54293688
chr13	+	100199238	100199358	100201418	100201476	100196116	100196249
chr2	-	50282092	50282182	50280408	50280728	50318460	50318632
chr1	-	87352838	87352879	87346344	87346408	87368963	87369131
chr10	-	32142993	32143134	32141444	32141525	32150322	32150586
chr6	-	131936463	131936481	131931185	131931386	131937046	131937142
chr10	+	106017123	106017241	106019333	106019556	106014920	106015029
chr2	+	102452361	102452440	102456280	102456456	102450870	102450925
chr2	+	233422593	233422728	233428956	233429061	233421125	233421240
chr5	+	77745756	77745857	77755067	77755185	77717624	77717784
chr11	+	125445698	125445827	125446150	125446211	125445146	125445304
chr7	-	130066486	130066600	130056759	130056807	130067795	130067859
chr4	-	56352559	56352716	56348905	56348995	56355540	56355632
chr5	+	141357867	141358395	141359687	141359916	141353147	141353307
chr5	+	141354368	141354520	141357867	141358395	141353147	141353307
chr5	+	141354368	141354520	141359687	141359916	141353147	141353307
chr5	+	141354368	141354520	141362944	141363117	141353147	141353307
chr5	+	141359687	141359916	141362944	141363117	141353147	141353307
chr5	+	141357867	141358395	141359687	141359916	141354368	141354520
chr17	-	16054903	16054930	16052764	16052831	16055259	16055312
chr13	-	41831808	41831932	41828664	41828756	41834628	41836467
chr2	-	36787927	36788008	36785580	36785656	36805739	36806008
chr2	+	109067483	109067568	109068854	109068922	109066088	109066145
chr3	-	121527762	121527856	121526190	121526290	121544897	121545027
chr3	-	121507130	121507279	121500589	121500721	121508919	121509062
chr3	+	108365463	108365496	108366789	108366959	108363010	108363628
chr7	+	11021998	11022786	11030329	11030474	11014461	11014572
chr8	+	109488110	109488192	109489010	109489121	109482290	109482350
chr8	+	104728536	104728548	104778454	104778765	104709313	104709524
chr8	-	53122589	53122677	53092681	53092872	53124638	53124669
chr5	+	79731580	79731673	79732574	79734826	79729927	79730036
chr6	-	136595100	136595327	136594219	136594325	136596669	136596839
chr6	-	136591460	136591521	136590574	136590750	136593132	136593217
chr3	-	17664139	17664257	17549965	17550097	17665340	17665405
chr3	-	17627844	17628049	17603510	17603634	17665340	17665405
chr2	+	27595906	27595980	27596113	27596178	27595465	27595607
chr14	+	58907938	58908061	58909423	58909598	58899105	58899175
chr1	-	235282653	235282732	235277082	235277225	235283132	235283214
chr1	-	47154024	47154216	47152455	47152542	47155258	47155363
chr7	-	36927164	36927277	36917614	36917722	36934458	36934622
chr1	-	243349080	243349374	243335998	243336148	243349560	243349724
chr4	-	151518234	151518267	151511864	151512011	151520158	151520283
chr5	+	134125795	134125912	134126159	134126242	134124202	134124281
chr6	+	44400089	44400292	44413391	44413604	44397449	44397647
chr13	-	75894149	75894173	75886873	75887034	75900332	75900559
chr7	+	35878173	35878267	35903161	35903268	35872407	35872510
chr7	+	35919205	35919329	35919432	35919550	35913250	35913385
chr4	-	76579166	76579265	76573822	76573925	76580249	76580430
chr12	+	121008993	121009094	121013433	121013491	121004627	121004783
chr12	+	121012270	121012340	121013433	121013491	121008993	121009094
chr21	-	34989011	34989056	34985843	34985912	34994301	34994374
chr17	-	45249282	45249430	45247282	45247408	45258927	45259003
chr17	-	45217136	45217339	45216104	45216257	45219218	45219391
chr1	+	36738333	36738495	36748133	36748301	36724982	36725085
chr22	+	41360050	41360121	41363802	41363888	41349558	41349637
chr22	+	41351290	41351450	41360050	41360121	41349558	41349637
chr4	-	83347615	83347786	83347189	83347282	83348342	83348457
chr7	+	86795798	86795921	86800310	86800405	86794249	86794366
chr10	-	103565801	103565900	103563491	103563776	103567486	103567658
chr12	-	57064058	57064148	57059415	57060050	57065532	57065631
chr12	-	57059415	57060050	57058559	57058584	57064058	57064148
chrX	+	123224703	123224814	123227867	123227994	123224424	123224614
chr3	+	439909	440068	440699	440831	436375	436555
chr6	-	135363138	135363264	135360710	135360905	135371719	135371785
chr1	+	110558046	110558153	110558965	110559082	110557384	110557479
chr15	-	52856386	52856443	52849296	52849419	52861312	52861418
chr1	+	243456700	243456796	243468014	243468079	243456370	243456521
chr13	-	31717928	31718060	31714320	31715396	31719699	31719905
chr13	+	53232233	53232361	53232533	53232603	53231666	53231757
chr14	+	97014133	97014255	97018816	97018959	97010485	97010595
chr14	+	97026985	97027048	97029155	97029230	97022511	97022750
chr2	+	237996106	237996206	237997247	237997296	237995769	237995840
chr5	+	32594676	32594978	32599066	32599175	32591668	32591791
chr6	+	123122454	123122551	123124808	123124978	123117968	123118113
chr15	+	79177308	79177425	79178482	79178737	79172853	79172921
chr19	-	48890182	48890318	48887486	48887739	48892809	48892968
chr21	-	18976462	18976594	18970934	18971142	18977177	18977315
chr20	-	43138531	43138669	43135467	43135637	43139929	43140009
chr12	+	95879654	95879757	95887831	95887993	95876990	95877056
chr20	+	17572576	17572708	17581382	17581690	17550486	17550856
chr20	+	17577293	17577435	17581382	17581690	17550486	17550856
chr5	-	98204717	98204981	98204198	98204339	98205457	98205586
chr15	+	93541367	93541491	93541728	93541851	93540482	93540633
chr7	+	23236791	23236866	23239076	23239161	23236298	23236385
chr10	-	123673304	123673408	123670420	123670666	123681863	123681926
chr6	-	149922729	149922935	149919359	149919486	149924403	149924509
chr6	+	167426995	167427055	167435896	167436123	167424300	167424381
chr17	+	47886480	47886570	47888837	47888936	47882724	47882807
chr11	-	63358593	63358686	63357571	63357840	63365532	63365635
chr18	+	51807036	51807273	51809206	51809385	51804072	51804225
chr18	+	51810112	51810185	51810291	51810435	51809206	51809385
chrX	-	85236740	85236813	85233770	85233895	85282494	85282561
chr2	-	175686456	175686507	175677036	175677210	175689161	175689246
chr6	-	108197767	108197866	108194011	108194116	108202352	108202454
chr3	-	167443188	167443261	167437849	167438061	167452001	167452138
chr9	-	34616026	34616110	34614706	34614765	34617881	34617968
chr4	+	166226759	166226877	166231704	166231902	166220658	166220808
chr14	+	76542939	76543034	76548637	76549035	76525669	76525716
chr1	+	150070951	150071182	150082610	150082742	150065622	150065744
chr1	+	8025383	8025485	8029404	8029464	8022822	8022935
chr10	-	74914013	74914206	74912050	74912179	74916032	74916211
chr12	+	50847242	50847455	50848096	50848200	50835372	50835426
chr3	+	149619858	149619949	149629764	149629870	149613259	149613357
chr7	+	73111795	73111846	73111934	73112024	73108321	73108380
chr6	+	52294766	52294929	52303101	52303389	52288743	52288965
chr12	-	76853638	76853675	76844630	76844768	76881289	76881398
chr14	-	103986805	103986929	103986458	103986648	103987599	103987771
chr3	+	66396787	66396832	66413283	66413353	66313755	66313803
chr3	+	66413283	66413353	66419901	66419966	66396787	66396832
chr6	+	149899957	149900109	149900969	149901126	149893642	149893739
chr1	+	184039749	184039866	184041290	184041444	184023861	184023997
chr3	+	183899483	183899603	183899699	183899835	183898872	183899014
chr4	+	170584677	170584768	170601200	170601358	170557063	170557239
chr10	-	75107913	75107993	75104822	75105002	75108180	75108279
chr10	-	95431798	95431846	95430526	95430605	95436409	95436448
chr10	+	106039127	106039229	106057335	106057442	106037651	106037874
chr11	+	36657600	36657667	36669565	36669705	36654833	36654988
chr11	-	77333544	77333718	77330650	77330740	77336007	77336133
chr14	+	94567084	94567117	94568159	94568405	94563186	94563311
chr14	-	39623414	39623498	39620949	39621043	39627488	39627606
chr14	+	23300172	23300246	23302626	23302698	23299395	23299463
chr14	+	89300036	89300066	89305795	89305916	89290917	89291165
chr14	+	89313191	89313251	89319314	89319400	89310149	89310194
chr17	-	15890113	15890206	15884353	15884458	15890579	15890682
chr1	+	219352722	219352768	219366423	219366593	219352471	219352588
chr1	+	75204373	75204472	75214434	75214506	75202225	75202306
chr1	+	225147854	225148004	225152180	225152311	225142660	225142800
chr1	-	228295677	228295838	228295368	228295570	228295935	228296022
chr1	-	111667363	111667503	111663137	111663315	111668848	111668916
chr1	-	111662236	111662303	111661426	111661519	111662498	111662581
chr1	+	212976042	212976105	212977661	212977771	212970453	212970538
chr2	+	183995722	183996080	183998293	183998351	183995145	183995273
chr2	+	61410681	61410797	61411846	61411935	61408454	61408540
chr1	-	160303392	160303469	160302237	160302347	160305031	160305112
chr11	-	14516077	14516273	14515755	14515985	14520383	14520531
chr3	-	11874476	11874625	11871187	11871338	11880695	11880788
chr4	-	48901845	48901942	48899820	48899874	48906500	48906651
chr4	-	48899820	48899874	48896022	48896070	48906500	48906651
chr4	-	44716612	44716676	44712969	44713154	44719129	44719312
chr4	+	20714410	20714545	20715054	20715162	20706282	20706437
chr19	+	36145472	36145573	36149495	36149692	36142134	36142251
chr5	-	75008431	75008490	75003561	75003700	75008678	75008776
chr8	+	94736737	94736823	94738621	94738741	94730902	94731016
chr9	+	72499968	72500038	72501753	72501811	72472824	72472893
chr2	-	176012673	176012708	176001139	176001214	176015787	176015886
chrX	+	74514397	74514455	74516176	74516246	74513306	74513349
chr5	+	65454636	65454760	65455046	65455162	65449290	65449424
chr1	-	75184892	75185056	75180262	75180314	75188801	75188954
chr1	-	75172786	75172888	75172582	75172678	75175781	75175931
chr12	+	124489424	124489482	124495927	124495988	124472589	124472685
chr13	+	53203353	53203494	53206556	53206629	53201572	53201713
chr5	-	148897356	148897440	148892632	148892772	148899852	148899951
chr14	+	37696930	37697043	37716307	37716445	37688757	37688896
chr14	+	61519066	61519703	61545527	61545645	61518758	61518853
chr20	-	489094	489304	485761	485873	508576	508693
chr5	+	138216730	138216826	138221900	138221981	138163203	138163407
chr4	-	103910956	103911098	103853280	103853456	103912799	103912869
chr2	+	99763489	99763585	99763864	99763956	99758747	99758864
chr3	+	191092850	191093378	191097947	191098063	191087707	191087825
chr3	+	2671209	2671263	2777898	2778025	2613099	2613242
chr8	-	101544583	101544688	101541750	101542088	101545436	101545539
chr8	-	28331288	28331324	28321128	28321335	28340864	28341000
chr8	-	640897	641096	623288	624047	642477	642612
chr9	-	79461430	79461594	79441495	79441648	79465378	79465581
chr13	+	95271403	95271584	95271721	95271771	95264443	95264644
chrX	+	41198288	41198336	41200736	41200869	41196660	41196718
