chr20	-	44482561	44482623	44477088	44477314	44483797	44483931
chr4	-	74447905	74448007	74447533	74447585	74450896	74451081
chr2	-	11595467	11595600	11593707	11593924	11597304	11597359
chr1	+	28075578	28075665	28081705	28081841	28071164	28071322
chr2	+	120306660	120306761	120317264	120317351	120303660	120303846
chr2	+	120319589	120319690	120344694	120344798	120317503	120317602
chr1	-	220191467	220191488	220184287	220184398	220191790	220191850
chr4	+	187207568	187207664	187208837	187208977	187206791	187206967
chr17	+	65882243	65882432	65887959	65888150	65871671	65871860
chr17	+	65959448	65959622	65960327	65960520	65955656	65955991
chr6	-	84928820	84928932	84925493	84925640	84930774	84930889
chr11	+	117209281	117209384	117214881	117214993	117206320	117206396
chr14	-	23559190	23559310	23550956	23551045	23559730	23559842
chr4	+	41672734	41672809	41673570	41673611	41668577	41668683
chr13	-	77677343	77677445	77671504	77673148	77692474	77692654
chr10	+	126507952	126508019	126515163	126515354	126505144	126505181
chr9	+	96285561	96285645	96289436	96289524	96278264	96278551
chr17	-	74717344	74717438	74716441	74716580	74717879	74718015
chr4	-	39911863	39911958	39910014	39910160	39915230	39915346
chr5	+	102523014	102523077	102526542	102526683	102522020	102522140
chr2	-	20478343	20478580	20462953	20463221	20482707	20482992
chr3	+	15287032	15287178	15288238	15288301	15283684	15283760
chr17	+	53084866	53084958	53108528	53108625	53078168	53078244
chr3	+	141115100	141115345	141122768	141122873	141105713	141105779
chr12	+	106706070	106706212	106708135	106708271	106704818	106705010
chr14	-	31597817	31598654	31596990	31597212	31602443	31602620
chr7	+	56142278	56142429	56144526	56144582	56141806	56141911
chr14	+	72043251	72043304	72054287	72056087	71996028	71996087
chr4	-	74005247	74006000	74000833	74000982	74007457	74007560
chr3	-	15626754	15626849	15624383	15624496	15631046	15631119
chr3	-	15628031	15628109	15624383	15624496	15631046	15631119
chr9	+	128097450	128097531	128099296	128099374	128094788	128094908
chr3	-	114429114	114429160	114412374	114412422	114432822	114432862
chr3	-	114300960	114301113	114219198	114219238	114412374	114412422
chr15	+	45895297	45895385	45897625	45897712	45884332	45884474
chr11	-	18025987	18026082	18022043	18022104	18028137	18028293
chr11	+	34673283	34673352	34678454	34678517	34673088	34673157
chr7	-	38767940	38768034	38766508	38766588	38768141	38768186
chr18	+	612764	612911	617987	618106	606977	607099
chr18	+	613158	613281	617987	618106	606977	607099
chr12	-	56868827	56868967	56868629	56868680	56869407	56869761
chr10	+	99922639	99922732	99923049	99923154	99915849	99915904
chr3	+	37327504	37327552	37330725	37330782	37323448	37323763
chr3	-	121441108	121441225	121437234	121437348	121445759	121445888
chr8	-	93933730	93933888	93929156	93929238	93966633	93966792
chr7	-	150491048	150491159	150490631	150490688	150493453	150493786
chr11	+	93488375	93488552	93490481	93490631	93487101	93487203
chr16	-	69786143	69786274	69783461	69783533	69788496	69788629
chr21	+	17222095	17222191	17236586	17236765	17214716	17214859
chr15	-	60682411	60682516	60678226	60678285	60689456	60689537
chr11	+	130007150	130007186	130010292	130010378	130005457	130005610
chr17	+	73014680	73014789	73015794	73015854	73013172	73013209
chr9	-	14683564	14683727	14680030	14680160	14690334	14690383
chr4	-	110678918	110678939	110673623	110673659	110681425	110681536
chr10	+	90770509	90770572	90771755	90771838	90770295	90770357
chr2	+	24384375	24384483	24387067	24387204	24369799	24369956
chr2	-	182438479	182438611	182414360	182414435	182468563	182468806
chr5	+	66445216	66445417	66448464	66448694	66440971	66441207
chr5	+	61668264	61668378	61669513	61669664	61662240	61662308
chr3	-	122176572	122176695	122172716	122172848	122180070	122180165
chr10	+	29707110	29707233	29709419	29712143	29704285	29704341
chr15	-	85082934	85083019	85081762	85081847	85085375	85085515
chr16	-	46843514	46843697	46835955	46836982	46858297	46858394
chr13	-	37441409	37441520	37439673	37439895	37446794	37447052
chr3	-	47963254	47963368	47960208	47960331	47969717	47969840
chr3	+	152164492	152164546	152165408	152165562	152163070	152163328
chr3	+	152173330	152173366	152174055	152174150	152165408	152165562
chr12	+	69222550	69222711	69229608	69229764	69218334	69218431
chr1	+	204513662	204513812	204515924	204516005	204511911	204512072
chr18	+	48465939	48466010	48466657	48466756	48458627	48458730
chr6	+	161529982	161530073	161530786	161530946	161529774	161529891
chr7	+	130140629	130140731	130142484	130142561	130140254	130140373
chr17	+	29070318	29070387	29086508	29086557	29062050	29062115
chr2	+	192267357	192267444	192272840	192272915	192265107	192265194
chr8	-	62559308	62559437	62557158	62557191	62563608	62563683
chr15	-	52635313	52635394	52632392	52632591	52638557	52638658
chr4	-	170429919	170430003	170429398	170429482	170458959	170459062
chr6	+	3010258	3010423	3012777	3012908	3006701	3006793
chr17	+	43161025	43161123	43163875	43164020	43159011	43159120
chr11	+	27679784	27680009	27680717	27680775	27661391	27661552
chr10	-	74804738	74804809	74803644	74803715	74806682	74806859
chr11	-	31823418	31823460	31822238	31823324	31824251	31824382
chr8	-	131104218	131104389	131092147	131092217	131124339	131124568
chr9	+	128724380	128724493	128725290	128725380	128722962	128723128
chr10	-	99205209	99205363	99202993	99203068	99205488	99205604
chr10	-	99198419	99198460	99197456	99197507	99200927	99201016
chr2	-	32118310	32118390	32117060	32117203	32142994	32143106
chr8	+	17840741	17840798	17842955	17843128	17838099	17838264
chr13	+	50099908	50100073	50100522	50100594	50098220	50098352
chr12	+	44164840	44164907	44165022	44165168	44161905	44162075
chr19	-	49334924	49335016	49318293	49318398	49335922	49336009
chr17	-	57958254	57958471	57955463	57955695	57963443	57963591
chr19	-	50512492	50512642	50510825	50511083	50519280	50519420
chr19	-	50500760	50500827	50498447	50498532	50504046	50504111
chr6	-	13307827	13307977	13306629	13306759	13316802	13316940
chr11	-	46112005	46112132	46105716	46105853	46113733	46113774
chr1	+	99203792	99203945	99225609	99226056	99167372	99167459
chr1	-	192997004	192997085	192992973	192993076	192997214	192997278
chr6	+	116895220	116895334	116901457	116901523	116894020	116894148
chr1	+	172554997	172555088	172557899	172559066	172548341	172548407
chr5	-	145547690	145547828	145543872	145544034	145551472	145551553
chr14	-	36777297	36777395	36769990	36770029	36780778	36780931
chr8	-	130891634	130891717	130883620	130883742	130915557	130915627
chr12	-	110936624	110936664	110933816	110934008	110937261	110937351
chr17	+	48815497	48815560	48817666	48817710	48814647	48814840
chr20	+	9385959	9385995	9388563	9388705	9382136	9382237
chr4	-	77045801	77045909	77039227	77039347	77051808	77051902
chr3	-	145795648	145795711	145794568	145794682	145796902	145797044
chr6	-	137332410	137332589	137330453	137330629	137338104	137338240
chr2	-	201747064	201747158	201746143	201746211	201750420	201750495
chr8	+	42211934	42212039	42213033	42213085	42210036	42210086
chr5	+	145631273	145631438	145634505	145634655	145616860	145616995
chr9	-	125620201	125620372	125618010	125618157	125620947	125621381
chr9	-	32984619	32984855	32974455	32974559	32985968	32986028
chr10	+	5777266	5777509	5781580	5782460	5772449	5773166
chr13	+	114201614	114201694	114202617	114202767	114193671	114193822
chr12	-	10761696	10761982	10760452	10760535	10762429	10762540
chr2	-	58390163	58390209	58388656	58388773	58390568	58390652
chr3	-	52658912	52658957	52651277	52651554	52661288	52661386
chr3	+	9471510	9471735	9475053	9475246	9470506	9470693
chr3	+	9471510	9471735	9475528	9475634	9470506	9470693
chr3	+	9478533	9478572	9482139	9482382	9477411	9477590
chr14	+	69908548	69908689	69908785	69908983	69890810	69890919
chr9	+	107533514	107533597	107535102	107535189	107533129	107533279
chr14	+	101300968	101301088	101302503	101302637	101298848	101298978
chr3	-	183560085	183560235	183558357	183558428	183562018	183562114
chr7	+	94916421	94916445	94917847	94918030	94915517	94915637
chr1	-	70652947	70653021	70650467	70650597	70654774	70654956
chr14	+	31074710	31075018	31077093	31077275	31071204	31071337
chr1	-	146639345	146639512	146638424	146638518	146643567	146643746
chr20	-	33721907	33721958	33719444	33719586	33722540	33722752
chr9	-	123280034	123280164	123253584	123253755	123280704	123280923
chr3	-	25773809	25773974	25770623	25770809	25775362	25775603
chr1	-	150974640	150975444	150974200	150974258	150978787	150980095
chrX	-	131518690	131518726	131516205	131516300	131520688	131520839
chr9	-	34011624	34011662	33998784	33998862	34017047	34017187
chr3	+	121573533	121573670	121575857	121576003	121563299	121563394
chr12	+	22214214	22214386	22215214	22215368	22213765	22213860
chr14	+	75264282	75266400	75269258	75269379	75248036	75249028
chr12	+	32891197	32891230	32892997	32893174	32890798	32890876
chr11	+	33369711	33369774	33370067	33370364	33369397	33369559
chr11	-	118428452	118428605	118427620	118427760	118430499	118430579
chr15	-	72543185	72543298	72542360	72542433	72543547	72543596
chr3	+	107508633	107508723	107510086	107510146	107497217	107497366
chr5	-	175782573	175782752	175779624	175779751	175786813	175786921
chr2	-	55825551	55826175	55816014	55816092	55831113	55831212
chr6	-	86275049	86275137	86267693	86267778	86281854	86281933
chr3	-	101117704	101117899	101090851	101090970	101136436	101136634
chr1	-	86847924	86848041	86841915	86842101	86848613	86848685
chr16	+	14186577	14186739	14234400	14234617	14173146	14173211
chr14	+	94071241	94071307	94079142	94079429	94069584	94069764
chr1	+	67394569	67394646	67405710	67405735	67391824	67391925
chr14	-	20783643	20783777	20781626	20781960	20784385	20784719
chr5	-	34913574	34913683	34911658	34911917	34914799	34915066
chr9	-	115464067	115464160	115456313	115456513	115478740	115478821
chr16	+	24579112	24579214	24580065	24581820	24578463	24578826
chr2	+	201761798	201761937	201764107	201764191	201759986	201760113
chr6	+	71501391	71501472	71508359	71508440	71482361	71483128
chr7	-	45786425	45786547	45784595	45784647	45786813	45786910
chr7	-	45768430	45768625	45767776	45767912	45776385	45776509
chr13	-	21437107	21437278	21436855	21436997	21442734	21442840
chr1	+	783033	783186	787306	787490	764382	764484
chr9	-	114814678	114814718	114804146	114804240	114820707	114820966
chr17	-	62590108	62590222	62589557	62589691	62594499	62594608
chr1	-	37962147	37962205	37961485	37961519	37962307	37962337
chr7	+	94152156	94152352	94156473	94156518	94147514	94147635
chrX	-	118974556	118974647	118972329	118972490	118975038	118975221
chr12	+	980430	980514	987377	987527	971248	971436
chr5	-	37203425	37203572	37201692	37201910	37205416	37205556
chr11	-	8462224	8462300	8457573	8457686	8474368	8474453
chr8	+	11155408	11155460	11157531	11157657	11152702	11152811
chr15	+	25157509	25157677	25165157	25165271	25131662	25131736
chr7	-	104766694	104766787	104766228	104766321	104767439	104767509
chr20	-	47782533	47782822	47770469	47770608	47790731	47790806
chrX	+	70678999	70679101	70679401	70679558	70678090	70678216
chr13	+	114285937	114286220	114287434	114287600	114277494	114277601
chr3	-	141811902	141811969	141724282	141724386	141820576	141820683
chr3	-	141772956	141772991	141724282	141724386	141811902	141811969
chr2	-	70452459	70452525	70451685	70451761	70454866	70454954
chr13	+	103303708	103303747	103309405	103309557	103301757	103301836
chr13	+	103320107	103320233	103326632	103326840	103317144	103317286
chr7	+	7715732	7715839	7841300	7841374	7712939	7713084
chr6	+	43748468	43748591	43749692	43749824	43746625	43746655
chrX	+	24179831	24179959	24190831	24190917	24170836	24170947
chr11	+	9494223	9494316	9495487	9495571	9492848	9492967
chr17	+	30688486	30688534	30689932	30690003	30687910	30687986
chr20	+	13775483	13775587	13779106	13779146	13773805	13773873
chr20	+	13795063	13795161	13797108	13797192	13789487	13789548
chr1	-	49208294	49208443	49201910	49202124	49224571	49225038
chr12	-	48073275	48073377	48063889	48064128	48073486	48073557
chr5	+	50056125	50056196	50057654	50057732	50055476	50055566
chr2	-	170394522	170394651	170393736	170393850	170396560	170396689
chr2	-	17922011	17922089	17919487	17919593	17922878	17922996
chr3	+	113786833	113786910	113789472	113789685	113785074	113785130
chr11	-	78204108	78204241	78189630	78189729	78239887	78239982
chr8	+	67999057	67999081	68004037	68004118	67998241	67998345
chr14	+	89063077	89063152	89068267	89068427	89044328	89044484
chr5	+	35644456	35644627	35646768	35646909	35641532	35641785
chr10	-	15880222	15880278	15879202	15879317	15883424	15883598
chr8	-	33364746	33364839	33361265	33361453	33367263	33367450
chr3	+	134266176	134266314	134267903	134268018	134264990	134265130
chr10	+	21977419	21977467	22002700	22002879	21971153	21971186
chr3	-	138291700	138291826	138290107	138290198	138310695	138310798
chr2	-	39984387	39984508	39983028	39983100	39988470	39988558
chr3	+	12546652	12546730	12558109	12558160	12544760	12545283
chr1	+	182791249	182791334	182794915	182794955	182787947	182787994
chr13	+	21163949	21164006	21165105	21165159	21157095	21157158
chr10	-	75585036	75585105	75583797	75583842	75597225	75597269
chr11	-	3061677	3061811	3061064	3061161	3062125	3062261
chr7	+	38256625	38256679	38256788	38256906	38254628	38254706
chr2	+	204260378	204260503	204267298	204267457	204259422	204259569
chr3	+	50141680	50141741	50142509	50142575	50140515	50140599
chr5	+	68555644	68555763	68558031	68558131	68553869	68553980
chr15	-	65992881	65993013	65989604	65989721	65993388	65993530
chrX	+	55753739	55753823	55755726	55755793	55748618	55748718
chr1	-	220236098	220236296	220233027	220233133	220240643	220240735
chr3	+	98492763	98492827	98503788	98503884	98491656	98491760
chr13	-	33020495	33020617	33016524	33018263	33054726	33054774
chr8	-	71056876	71057083	71053418	71053634	71060507	71060718
chr11	+	65480818	65480974	65481063	65481138	65480392	65480529
chr9	+	106858428	106858578	106860726	106860849	106857562	106857833
chr4	+	95496766	95497185	95506715	95506922	95494501	95494544
chr5	-	93386435	93386536	93300162	93300228	93388830	93388932
chr1	+	27657475	27657628	27658560	27658592	27657210	27657295
chr6	+	111310190	111310268	111312949	111312989	111306208	111306341
chr5	-	74026084	74026223	74021765	74021951	74028846	74028923
chr4	-	186605907	186606000	186599949	186599976	186696380	186696520
chr4	-	186611715	186611765	186599949	186599976	186696380	186696520
chr4	-	186611715	186611765	186605907	186606000	186696380	186696520
chr16	-	30005226	30006164	30004960	30005129	30006423	30006784
chr14	+	39594195	39594240	39597483	39597552	39591633	39591747
chr10	+	5966713	5966764	5967329	5967455	5966273	5966471
chr2	-	39535083	39535146	39526883	39526942	39536601	39536660
chr1	+	223000769	223000943	223008460	223008557	222997197	222997287
chr1	-	46532582	46532763	46531725	46531851	46543186	46543285
chr22	-	29927066	29927099	29925150	29925228	29927819	29927952
chr1	-	47048485	47048595	47046201	47046299	47048899	47049001
chr2	-	172704682	172704786	172700878	172701018	172712343	172712459
chr18	-	31603403	31603615	31599281	31599565	31673428	31673561
chr18	-	31537289	31537481	31523028	31523142	31538202	31538382
chr1	-	40029507	40029594	40029285	40029413	40030094	40030214
chr16	-	66858757	66858788	66857431	66857503	66860425	66860486
chr1	+	201757595	201757766	201758867	201758920	201755556	201755705
chr11	+	20072834	20072879	20075625	20075786	20070273	20070741
chr12	-	112381068	112381173	112375964	112376014	112403398	112403563
chr16	+	57250018	57250085	57250815	57250947	57247799	57247858
chr2	+	9986185	9986315	9989501	9989589	9985348	9985447
chr1	-	24718050	24718169	24710356	24710493	24727808	24727946
chr4	-	148563937	148564091	148560110	148560233	148575002	148575717
chr15	+	50776471	50776558	50781997	50782078	50773677	50774262
chrX	+	46949174	46949390	46951076	46951208	46943816	46943999
chrX	+	46951076	46951208	46951459	46951614	46943816	46943999
chr5	+	110091695	110091821	110092401	110092459	110091164	110091221
chr7	-	45143697	45143855	45142931	45143042	45144136	45144345
chr2	-	38805061	38805144	38804602	38804674	38809054	38809127
chr19	-	35998359	35998413	35997027	35997087	35999106	35999142
chr2	-	230725121	230725247	230723487	230724290	230744697	230744844
chr10	-	32128564	32128639	32120666	32120728	32132388	32132514
chr6	+	46632510	46632623	46636445	46636530	46630112	46630235
chr3	-	27450846	27451021	27446320	27446454	27453132	27453239
chr14	-	103420534	103420612	103418834	103418940	103420938	103421025
chr3	-	121547316	121547479	121544897	121545027	121547707	121547819
chr1	-	31414768	31414970	31413997	31414119	31418192	31418330
chr22	+	50830295	50830444	50832321	50832564	50827414	50827540
chr15	-	49311614	49311749	49309744	49309825	49319561	49319677
chr10	+	105770573	105770666	105777917	105778047	105767934	105768114
chr16	+	71957190	71957287	71958671	71958720	71956376	71956583
chr10	-	27418165	27418286	27415624	27415715	27420787	27420870
chr11	-	86158106	86158249	86157355	86157529	86159191	86159297
chr9	+	91077410	91077664	91083286	91083520	91063855	91063904
chr20	-	61540402	61540510	61538498	61538711	61541050	61541372
chr4	-	121652772	121652945	121631463	121631568	121675707	121675793
chr6	+	26463024	26463125	26463471	26463753	26459708	26460056
chrX	+	107370022	107370324	107372010	107372086	107369306	107369417
chr3	+	66286967	66287124	66293626	66293736	66271167	66271553
chr2	+	236839408	236839567	236877105	236877267	236817381	236817550
chr11	+	36654833	36654988	36669565	36669705	36631630	36631789
chr15	-	102239533	102239638	102226098	102226265	102241288	102241387
chr15	+	99857668	99857751	99874127	99874334	99828018	99828156
chr1	-	111665237	111665265	111663137	111663315	111668848	111668916
chr2	-	55432740	55432864	55408705	55408880	55433405	55433512
chr3	-	15466461	15466596	15457278	15457449	15467793	15468142
chr3	-	11868191	11868279	11858665	11858811	11871187	11871338
chr5	+	34949647	34949782	34950274	34950447	34945826	34945908
chr5	-	75003561	75003700	75001528	75001612	75008678	75008776
chr8	+	59347416	59347507	59352191	59352329	59346953	59347063
chr14	+	61453769	61453875	61482621	61482674	61451447	61451521
chr14	+	61510167	61510221	61512063	61512143	61509864	61509930
chr19	+	52817405	52817532	52819086	52819215	52803646	52803737
chr1	+	222895760	222895856	222897433	222897506	222892604	222892701
chr1	+	41473120	41473217	41474330	41474562	41471722	41471766
chr8	-	11718869	11718988	11710837	11710988	11721884	11721992
chr7	+	101671377	101671425	101713618	101713697	101559394	101559505
chr5	+	68720427	68720463	68728353	68728502	68715197	68716358
chr8	+	100519364	100519431	100519997	100520139	100515063	100515178
chr12	-	25679032	25679152	25672791	25673009	25679702	25679889
chr7	-	14793552	14793573	14775665	14775819	14797279	14797356
chr2	-	136670055	136670136	136668951	136669063	136672038	136672081
chr11	+	47259169	47259263	47259387	47259552	47256820	47256963
